0 1 1 0
0 0 


1 2 1 0
0 0 0 1 
0 1 
0 2 
2 3 1 0
0 0 0 1 0 2 
0 1 1 2 
0 3 1 2 
3 4 1 0
0 0 0 1 0 2 0 3 
0 1 1 2 2 3 
0 4 1 3 2 2 
4 5 1 0
0 0 0 1 0 2 0 3 0 4 
0 1 1 2 2 3 3 4 
0 5 1 4 2 3 3 2 
5 6 1 0
0 0 0 1 0 2 0 3 0 4 0 5 
0 1 1 2 2 3 3 4 4 5 
0 6 1 5 2 4 3 3 4 2 
6 7 1 0
0 0 0 1 0 2 0 3 0 4 0 5 0 6 
0 1 1 2 2 3 3 4 4 5 5 6 
0 7 1 6 2 5 3 4 4 3 5 2 
7 8 1 0
0 0 0 1 0 2 0 3 0 4 0 5 0 6 0 7 
0 1 1 2 2 3 3 4 4 5 5 6 6 7 
0 8 1 7 2 6 3 5 4 4 5 3 6 2 
8 9 1 0
0 0 0 1 0 2 0 3 0 4 0 5 0 6 0 7 0 8 
0 1 1 2 2 3 3 4 4 5 5 6 6 7 7 8 
0 9 1 8 2 7 3 6 4 5 5 4 6 3 7 2 
9 10 1 0
0 0 0 1 0 2 0 3 0 4 0 5 0 6 0 7 0 8 0 9 
0 1 1 2 2 3 3 4 4 5 5 6 6 7 7 8 8 9 
0 10 1 9 2 8 3 7 4 6 5 5 6 4 7 3 8 2 
10 11 1 0
0 0 0 1 0 2 0 3 0 4 0 5 0 6 0 7 0 8 0 9 0 10 
0 1 1 2 2 3 3 4 4 5 5 6 6 7 7 8 8 9 9 10 
0 11 1 10 2 9 3 8 4 7 5 6 6 5 7 4 8 3 9 2 
11 2 1 0
0 0 1 0 
0 1 
0 2 
12 4 1 0
0 0 0 1 1 0 1 1 
0 1 0 2 1 3 2 3 
0 4 1 2 11 2 
13 6 1 0
0 0 0 1 0 2 1 0 1 1 1 2 
0 1 0 3 1 2 1 4 2 5 3 4 4 5 
0 6 1 4 2 2 11 3 12 2 
14 8 1 0
0 0 0 1 0 2 0 3 1 0 1 1 1 2 1 3 
0 1 0 4 1 2 1 5 2 3 2 6 3 7 4 5 5 6 6 7 
0 8 1 6 2 4 3 2 11 4 12 3 13 2 
15 10 1 0
0 0 0 1 0 2 0 3 0 4 1 0 1 1 1 2 1 3 1 4 
0 1 0 5 1 2 1 6 2 3 2 7 3 4 3 8 4 9 5 6 6 7 7 8 8 9 
0 10 1 8 2 6 3 4 4 2 11 5 12 4 13 3 14 2 
16 3 1 0
0 0 1 0 2 0 
0 1 1 2 
0 3 11 2 
17 6 1 0
0 0 0 1 1 0 1 1 2 0 2 1 
0 1 0 2 1 3 2 3 2 4 3 5 4 5 
0 6 1 3 11 4 12 2 16 2 
18 9 1 0
0 0 0 1 0 2 1 0 1 1 1 2 2 0 2 1 2 2 
0 1 0 3 1 2 1 4 2 5 3 4 3 6 4 5 4 7 5 8 6 7 7 8 
0 9 1 6 2 3 11 6 12 4 13 2 16 3 17 2 
19 4 1 0
0 0 1 0 2 0 3 0 
0 1 1 2 2 3 
0 4 11 3 16 2 
20 8 1 0
0 0 0 1 1 0 1 1 2 0 2 1 3 0 3 1 
0 1 0 2 1 3 2 3 2 4 3 5 4 5 4 6 5 7 6 7 
0 8 1 4 11 6 12 3 16 4 17 2 19 2 
21 5 1 0
0 0 1 0 2 0 3 0 4 0 
0 1 1 2 2 3 3 4 
0 5 11 4 16 3 19 2 
22 10 1 0
0 0 0 1 1 0 1 1 2 0 2 1 3 0 3 1 4 0 4 1 
0 1 0 2 1 3 2 3 2 4 3 5 4 5 4 6 5 7 6 7 6 8 7 9 8 9 
0 10 1 5 11 8 12 4 16 6 17 3 19 4 20 2 21 2 
23 6 1 0
0 0 1 0 2 0 3 0 4 0 5 0 
0 1 1 2 2 3 3 4 4 5 
0 6 11 5 16 4 19 3 21 2 
24 7 1 0
0 0 1 0 2 0 3 0 4 0 5 0 6 0 
0 1 1 2 2 3 3 4 4 5 5 6 
0 7 11 6 16 5 19 4 21 3 23 2 
25 8 1 0
0 0 1 0 2 0 3 0 4 0 5 0 6 0 7 0 
0 1 1 2 2 3 3 4 4 5 5 6 6 7 
0 8 11 7 16 6 19 5 21 4 23 3 24 2 
26 9 1 0
0 0 1 0 2 0 3 0 4 0 5 0 6 0 7 0 8 0 
0 1 1 2 2 3 3 4 4 5 5 6 6 7 7 8 
0 9 11 8 16 7 19 6 21 5 23 4 24 3 25 2 
27 10 1 0
0 0 1 0 2 0 3 0 4 0 5 0 6 0 7 0 8 0 9 0 
0 1 1 2 2 3 3 4 4 5 5 6 6 7 7 8 8 9 
0 10 11 9 16 8 19 7 21 6 23 5 24 4 25 3 26 2 
28 11 1 0
0 0 1 0 2 0 3 0 4 0 5 0 6 0 7 0 8 0 9 0 10 0 
0 1 1 2 2 3 3 4 4 5 5 6 6 7 7 8 8 9 9 10 
0 11 11 10 16 9 19 8 21 7 23 6 24 5 25 4 26 3 27 2 
