0 1 1 0
0 0 


1 2 1 0
0 0 0 1 
0 1 
0 2 
2 3 1 0
0 0 0 1 0 2 
0 1 1 2 
0 3 1 2 
3 4 1 0
0 0 0 1 0 2 0 3 
0 1 1 2 2 3 
0 4 1 3 2 2 
4 5 1 0
0 0 0 1 0 2 0 3 0 4 
0 1 1 2 2 3 3 4 
0 5 1 4 2 3 3 2 
5 6 1 0
0 0 0 1 0 2 0 3 0 4 0 5 
0 1 1 2 2 3 3 4 4 5 
0 6 1 5 2 4 3 3 4 2 
6 7 1 0
0 0 0 1 0 2 0 3 0 4 0 5 0 6 
0 1 1 2 2 3 3 4 4 5 5 6 
0 7 1 6 2 5 3 4 4 3 5 2 
7 8 1 0
0 0 0 1 0 2 0 3 0 4 0 5 0 6 0 7 
0 1 1 2 2 3 3 4 4 5 5 6 6 7 
0 8 1 7 2 6 3 5 4 4 5 3 6 2 
8 9 1 0
0 0 0 1 0 2 0 3 0 4 0 5 0 6 0 7 0 8 
0 1 1 2 2 3 3 4 4 5 5 6 6 7 7 8 
0 9 1 8 2 7 3 6 4 5 5 4 6 3 7 2 
9 10 1 0
0 0 0 1 0 2 0 3 0 4 0 5 0 6 0 7 0 8 0 9 
0 1 1 2 2 3 3 4 4 5 5 6 6 7 7 8 8 9 
0 10 1 9 2 8 3 7 4 6 5 5 6 4 7 3 8 2 
10 11 1 0
0 0 0 1 0 2 0 3 0 4 0 5 0 6 0 7 0 8 0 9 0 10 
0 1 1 2 2 3 3 4 4 5 5 6 6 7 7 8 8 9 9 10 
0 11 1 10 2 9 3 8 4 7 5 6 6 5 7 4 8 3 9 2 
11 12 1 0
0 0 0 1 0 2 0 3 0 4 0 5 0 6 0 7 0 8 0 9 0 10 0 11 
0 1 1 2 2 3 3 4 4 5 5 6 6 7 7 8 8 9 9 10 10 11 
0 12 1 11 2 10 3 9 4 8 5 7 6 6 7 5 8 4 9 3 10 2 
12 2 1 0
0 0 1 0 
0 1 
0 2 
13 4 1 0
0 0 0 1 1 0 1 1 
0 1 0 2 1 3 2 3 
0 4 1 2 12 2 
14 6 1 0
0 0 0 1 0 2 1 0 1 1 1 2 
0 1 0 3 1 2 1 4 2 5 3 4 4 5 
0 6 1 4 2 2 12 3 13 2 
15 8 1 0
0 0 0 1 0 2 0 3 1 0 1 1 1 2 1 3 
0 1 0 4 1 2 1 5 2 3 2 6 3 7 4 5 5 6 6 7 
0 8 1 6 2 4 3 2 12 4 13 3 14 2 
16 10 1 0
0 0 0 1 0 2 0 3 0 4 1 0 1 1 1 2 1 3 1 4 
0 1 0 5 1 2 1 6 2 3 2 7 3 4 3 8 4 9 5 6 6 7 7 8 8 9 
0 10 1 8 2 6 3 4 4 2 12 5 13 4 14 3 15 2 
17 12 1 0
0 0 0 1 0 2 0 3 0 4 0 5 1 0 1 1 1 2 1 3 1 4 1 5 
0 1 0 6 1 2 1 7 2 3 2 8 3 4 3 9 4 5 4 10 5 11 6 7 7 8 8 9 9 10 10 11 
0 12 1 10 2 8 3 6 4 4 5 2 12 6 13 5 14 4 15 3 16 2 
18 3 1 0
0 0 1 0 2 0 
0 1 1 2 
0 3 12 2 
19 6 1 0
0 0 0 1 1 0 1 1 2 0 2 1 
0 1 0 2 1 3 2 3 2 4 3 5 4 5 
0 6 1 3 12 4 13 2 18 2 
20 9 1 0
0 0 0 1 0 2 1 0 1 1 1 2 2 0 2 1 2 2 
0 1 0 3 1 2 1 4 2 5 3 4 3 6 4 5 4 7 5 8 6 7 7 8 
0 9 1 6 2 3 12 6 13 4 14 2 18 3 19 2 
21 12 1 0
0 0 0 1 0 2 0 3 1 0 1 1 1 2 1 3 2 0 2 1 2 2 2 3 
0 1 0 4 1 2 1 5 2 3 2 6 3 7 4 5 4 8 5 6 5 9 6 7 6 10 7 11 8 9 9 10 10 11 
0 12 1 9 2 6 3 3 12 8 13 6 14 4 15 2 18 4 19 3 20 2 
22 4 1 0
0 0 1 0 2 0 3 0 
0 1 1 2 2 3 
0 4 12 3 18 2 
23 8 1 0
0 0 0 1 1 0 1 1 2 0 2 1 3 0 3 1 
0 1 0 2 1 3 2 3 2 4 3 5 4 5 4 6 5 7 6 7 
0 8 1 4 12 6 13 3 18 4 19 2 22 2 
24 12 1 0
0 0 0 1 0 2 1 0 1 1 1 2 2 0 2 1 2 2 3 0 3 1 3 2 
0 1 0 3 1 2 1 4 2 5 3 4 3 6 4 5 4 7 5 8 6 7 6 9 7 8 7 10 8 11 9 10 10 11 
0 12 1 8 2 4 12 9 13 6 14 3 18 6 19 4 20 2 22 3 23 2 
25 5 1 0
0 0 1 0 2 0 3 0 4 0 
0 1 1 2 2 3 3 4 
0 5 12 4 18 3 22 2 
26 10 1 0
0 0 0 1 1 0 1 1 2 0 2 1 3 0 3 1 4 0 4 1 
0 1 0 2 1 3 2 3 2 4 3 5 4 5 4 6 5 7 6 7 6 8 7 9 8 9 
0 10 1 5 12 8 13 4 18 6 19 3 22 4 23 2 25 2 
27 6 1 0
0 0 1 0 2 0 3 0 4 0 5 0 
0 1 1 2 2 3 3 4 4 5 
0 6 12 5 18 4 22 3 25 2 
28 12 1 0
0 0 0 1 1 0 1 1 2 0 2 1 3 0 3 1 4 0 4 1 5 0 5 1 
0 1 0 2 1 3 2 3 2 4 3 5 4 5 4 6 5 7 6 7 6 8 7 9 8 9 8 10 9 11 10 11 
0 12 1 6 12 10 13 5 18 8 19 4 22 6 23 3 25 4 26 2 27 2 
29 7 1 0
0 0 1 0 2 0 3 0 4 0 5 0 6 0 
0 1 1 2 2 3 3 4 4 5 5 6 
0 7 12 6 18 5 22 4 25 3 27 2 
30 8 1 0
0 0 1 0 2 0 3 0 4 0 5 0 6 0 7 0 
0 1 1 2 2 3 3 4 4 5 5 6 6 7 
0 8 12 7 18 6 22 5 25 4 27 3 29 2 
31 9 1 0
0 0 1 0 2 0 3 0 4 0 5 0 6 0 7 0 8 0 
0 1 1 2 2 3 3 4 4 5 5 6 6 7 7 8 
0 9 12 8 18 7 22 6 25 5 27 4 29 3 30 2 
32 10 1 0
0 0 1 0 2 0 3 0 4 0 5 0 6 0 7 0 8 0 9 0 
0 1 1 2 2 3 3 4 4 5 5 6 6 7 7 8 8 9 
0 10 12 9 18 8 22 7 25 6 27 5 29 4 30 3 31 2 
33 11 1 0
0 0 1 0 2 0 3 0 4 0 5 0 6 0 7 0 8 0 9 0 10 0 
0 1 1 2 2 3 3 4 4 5 5 6 6 7 7 8 8 9 9 10 
0 11 12 10 18 9 22 8 25 7 27 6 29 5 30 4 31 3 32 2 
34 12 1 0
0 0 1 0 2 0 3 0 4 0 5 0 6 0 7 0 8 0 9 0 10 0 11 0 
0 1 1 2 2 3 3 4 4 5 5 6 6 7 7 8 8 9 9 10 10 11 
0 12 12 11 18 10 22 9 25 8 27 7 29 6 30 5 31 4 32 3 33 2 
