0 1 1 0
0 0 


1 2 1 0
0 0 0 1 
0 1 
0 2 
2 3 1 0
0 0 0 1 0 2 
0 1 1 2 
0 3 1 2 
3 4 1 0
0 0 0 1 0 2 0 3 
0 1 1 2 2 3 
0 4 1 3 2 2 
4 5 1 0
0 0 0 1 0 2 0 3 0 4 
0 1 1 2 2 3 3 4 
0 5 1 4 2 3 3 2 
5 6 1 0
0 0 0 1 0 2 0 3 0 4 0 5 
0 1 1 2 2 3 3 4 4 5 
0 6 1 5 2 4 3 3 4 2 
6 7 1 0
0 0 0 1 0 2 0 3 0 4 0 5 0 6 
0 1 1 2 2 3 3 4 4 5 5 6 
0 7 1 6 2 5 3 4 4 3 5 2 
7 8 1 0
0 0 0 1 0 2 0 3 0 4 0 5 0 6 0 7 
0 1 1 2 2 3 3 4 4 5 5 6 6 7 
0 8 1 7 2 6 3 5 4 4 5 3 6 2 
8 9 1 0
0 0 0 1 0 2 0 3 0 4 0 5 0 6 0 7 0 8 
0 1 1 2 2 3 3 4 4 5 5 6 6 7 7 8 
0 9 1 8 2 7 3 6 4 5 5 4 6 3 7 2 
9 10 1 0
0 0 0 1 0 2 0 3 0 4 0 5 0 6 0 7 0 8 0 9 
0 1 1 2 2 3 3 4 4 5 5 6 6 7 7 8 8 9 
0 10 1 9 2 8 3 7 4 6 5 5 6 4 7 3 8 2 
10 11 1 0
0 0 0 1 0 2 0 3 0 4 0 5 0 6 0 7 0 8 0 9 0 10 
0 1 1 2 2 3 3 4 4 5 5 6 6 7 7 8 8 9 9 10 
0 11 1 10 2 9 3 8 4 7 5 6 6 5 7 4 8 3 9 2 
11 12 1 0
0 0 0 1 0 2 0 3 0 4 0 5 0 6 0 7 0 8 0 9 0 10 0 11 
0 1 1 2 2 3 3 4 4 5 5 6 6 7 7 8 8 9 9 10 10 11 
0 12 1 11 2 10 3 9 4 8 5 7 6 6 7 5 8 4 9 3 10 2 
12 13 1 0
0 0 0 1 0 2 0 3 0 4 0 5 0 6 0 7 0 8 0 9 0 10 0 11 0 12 
0 1 1 2 2 3 3 4 4 5 5 6 6 7 7 8 8 9 9 10 10 11 11 12 
0 13 1 12 2 11 3 10 4 9 5 8 6 7 7 6 8 5 9 4 10 3 11 2 
13 14 1 0
0 0 0 1 0 2 0 3 0 4 0 5 0 6 0 7 0 8 0 9 0 10 0 11 0 12 0 13 
0 1 1 2 2 3 3 4 4 5 5 6 6 7 7 8 8 9 9 10 10 11 11 12 12 13 
0 14 1 13 2 12 3 11 4 10 5 9 6 8 7 7 8 6 9 5 10 4 11 3 12 2 
14 15 1 0
0 0 0 1 0 2 0 3 0 4 0 5 0 6 0 7 0 8 0 9 0 10 0 11 0 12 0 13 0 14 
0 1 1 2 2 3 3 4 4 5 5 6 6 7 7 8 8 9 9 10 10 11 11 12 12 13 13 14 
0 15 1 14 2 13 3 12 4 11 5 10 6 9 7 8 8 7 9 6 10 5 11 4 12 3 13 2 
15 16 1 0
0 0 0 1 0 2 0 3 0 4 0 5 0 6 0 7 0 8 0 9 0 10 0 11 0 12 0 13 0 14 0 15 
0 1 1 2 2 3 3 4 4 5 5 6 6 7 7 8 8 9 9 10 10 11 11 12 12 13 13 14 14 15 
0 16 1 15 2 14 3 13 4 12 5 11 6 10 7 9 8 8 9 7 10 6 11 5 12 4 13 3 14 2 
16 17 1 0
0 0 0 1 0 2 0 3 0 4 0 5 0 6 0 7 0 8 0 9 0 10 0 11 0 12 0 13 0 14 0 15 0 16 
0 1 1 2 2 3 3 4 4 5 5 6 6 7 7 8 8 9 9 10 10 11 11 12 12 13 13 14 14 15 15 16 
0 17 1 16 2 15 3 14 4 13 5 12 6 11 7 10 8 9 9 8 10 7 11 6 12 5 13 4 14 3 15 2 
17 18 1 0
0 0 0 1 0 2 0 3 0 4 0 5 0 6 0 7 0 8 0 9 0 10 0 11 0 12 0 13 0 14 0 15 0 16 0 17 
0 1 1 2 2 3 3 4 4 5 5 6 6 7 7 8 8 9 9 10 10 11 11 12 12 13 13 14 14 15 15 16 16 17 
0 18 1 17 2 16 3 15 4 14 5 13 6 12 7 11 8 10 9 9 10 8 11 7 12 6 13 5 14 4 15 3 16 2 
18 19 1 0
0 0 0 1 0 2 0 3 0 4 0 5 0 6 0 7 0 8 0 9 0 10 0 11 0 12 0 13 0 14 0 15 0 16 0 17 0 18 
0 1 1 2 2 3 3 4 4 5 5 6 6 7 7 8 8 9 9 10 10 11 11 12 12 13 13 14 14 15 15 16 16 17 17 18 
0 19 1 18 2 17 3 16 4 15 5 14 6 13 7 12 8 11 9 10 10 9 11 8 12 7 13 6 14 5 15 4 16 3 17 2 
19 20 1 0
0 0 0 1 0 2 0 3 0 4 0 5 0 6 0 7 0 8 0 9 0 10 0 11 0 12 0 13 0 14 0 15 0 16 0 17 0 18 0 19 
0 1 1 2 2 3 3 4 4 5 5 6 6 7 7 8 8 9 9 10 10 11 11 12 12 13 13 14 14 15 15 16 16 17 17 18 18 19 
0 20 1 19 2 18 3 17 4 16 5 15 6 14 7 13 8 12 9 11 10 10 11 9 12 8 13 7 14 6 15 5 16 4 17 3 18 2 
20 21 1 0
0 0 0 1 0 2 0 3 0 4 0 5 0 6 0 7 0 8 0 9 0 10 0 11 0 12 0 13 0 14 0 15 0 16 0 17 0 18 0 19 0 20 
0 1 1 2 2 3 3 4 4 5 5 6 6 7 7 8 8 9 9 10 10 11 11 12 12 13 13 14 14 15 15 16 16 17 17 18 18 19 19 20 
0 21 1 20 2 19 3 18 4 17 5 16 6 15 7 14 8 13 9 12 10 11 11 10 12 9 13 8 14 7 15 6 16 5 17 4 18 3 19 2 
21 22 1 0
0 0 0 1 0 2 0 3 0 4 0 5 0 6 0 7 0 8 0 9 0 10 0 11 0 12 0 13 0 14 0 15 0 16 0 17 0 18 0 19 0 20 0 21 
0 1 1 2 2 3 3 4 4 5 5 6 6 7 7 8 8 9 9 10 10 11 11 12 12 13 13 14 14 15 15 16 16 17 17 18 18 19 19 20 20 21 
0 22 1 21 2 20 3 19 4 18 5 17 6 16 7 15 8 14 9 13 10 12 11 11 12 10 13 9 14 8 15 7 16 6 17 5 18 4 19 3 20 2 
22 23 1 0
0 0 0 1 0 2 0 3 0 4 0 5 0 6 0 7 0 8 0 9 0 10 0 11 0 12 0 13 0 14 0 15 0 16 0 17 0 18 0 19 0 20 0 21 0 22 
0 1 1 2 2 3 3 4 4 5 5 6 6 7 7 8 8 9 9 10 10 11 11 12 12 13 13 14 14 15 15 16 16 17 17 18 18 19 19 20 20 21 21 22 
0 23 1 22 2 21 3 20 4 19 5 18 6 17 7 16 8 15 9 14 10 13 11 12 12 11 13 10 14 9 15 8 16 7 17 6 18 5 19 4 20 3 21 2 
23 2 1 0
0 0 1 0 
0 1 
0 2 
24 4 1 0
0 0 0 1 1 0 1 1 
0 1 0 2 1 3 2 3 
0 4 1 2 23 2 
25 6 1 0
0 0 0 1 0 2 1 0 1 1 1 2 
0 1 0 3 1 2 1 4 2 5 3 4 4 5 
0 6 1 4 2 2 23 3 24 2 
26 8 1 0
0 0 0 1 0 2 0 3 1 0 1 1 1 2 1 3 
0 1 0 4 1 2 1 5 2 3 2 6 3 7 4 5 5 6 6 7 
0 8 1 6 2 4 3 2 23 4 24 3 25 2 
27 10 1 0
0 0 0 1 0 2 0 3 0 4 1 0 1 1 1 2 1 3 1 4 
0 1 0 5 1 2 1 6 2 3 2 7 3 4 3 8 4 9 5 6 6 7 7 8 8 9 
0 10 1 8 2 6 3 4 4 2 23 5 24 4 25 3 26 2 
28 12 1 0
0 0 0 1 0 2 0 3 0 4 0 5 1 0 1 1 1 2 1 3 1 4 1 5 
0 1 0 6 1 2 1 7 2 3 2 8 3 4 3 9 4 5 4 10 5 11 6 7 7 8 8 9 9 10 10 11 
0 12 1 10 2 8 3 6 4 4 5 2 23 6 24 5 25 4 26 3 27 2 
29 14 1 0
0 0 0 1 0 2 0 3 0 4 0 5 0 6 1 0 1 1 1 2 1 3 1 4 1 5 1 6 
0 1 0 7 1 2 1 8 2 3 2 9 3 4 3 10 4 5 4 11 5 6 5 12 6 13 7 8 8 9 9 10 10 11 11 12 12 13 
0 14 1 12 2 10 3 8 4 6 5 4 6 2 23 7 24 6 25 5 26 4 27 3 28 2 
30 16 1 0
0 0 0 1 0 2 0 3 0 4 0 5 0 6 0 7 1 0 1 1 1 2 1 3 1 4 1 5 1 6 1 7 
0 1 0 8 1 2 1 9 2 3 2 10 3 4 3 11 4 5 4 12 5 6 5 13 6 7 6 14 7 15 8 9 9 10 10 11 11 12 12 13 13 14 14 15 
0 16 1 14 2 12 3 10 4 8 5 6 6 4 7 2 23 8 24 7 25 6 26 5 27 4 28 3 29 2 
31 18 1 0
0 0 0 1 0 2 0 3 0 4 0 5 0 6 0 7 0 8 1 0 1 1 1 2 1 3 1 4 1 5 1 6 1 7 1 8 
0 1 0 9 1 2 1 10 2 3 2 11 3 4 3 12 4 5 4 13 5 6 5 14 6 7 6 15 7 8 7 16 8 17 9 10 10 11 11 12 12 13 13 14 14 15 15 16 16 17 
0 18 1 16 2 14 3 12 4 10 5 8 6 6 7 4 8 2 23 9 24 8 25 7 26 6 27 5 28 4 29 3 30 2 
32 20 1 0
0 0 0 1 0 2 0 3 0 4 0 5 0 6 0 7 0 8 0 9 1 0 1 1 1 2 1 3 1 4 1 5 1 6 1 7 1 8 1 9 
0 1 0 10 1 2 1 11 2 3 2 12 3 4 3 13 4 5 4 14 5 6 5 15 6 7 6 16 7 8 7 17 8 9 8 18 9 19 10 11 11 12 12 13 13 14 14 15 15 16 16 17 17 18 18 19 
0 20 1 18 2 16 3 14 4 12 5 10 6 8 7 6 8 4 9 2 23 10 24 9 25 8 26 7 27 6 28 5 29 4 30 3 31 2 
33 22 1 0
0 0 0 1 0 2 0 3 0 4 0 5 0 6 0 7 0 8 0 9 0 10 1 0 1 1 1 2 1 3 1 4 1 5 1 6 1 7 1 8 1 9 1 10 
0 1 0 11 1 2 1 12 2 3 2 13 3 4 3 14 4 5 4 15 5 6 5 16 6 7 6 17 7 8 7 18 8 9 8 19 9 10 9 20 10 21 11 12 12 13 13 14 14 15 15 16 16 17 17 18 18 19 19 20 20 21 
0 22 1 20 2 18 3 16 4 14 5 12 6 10 7 8 8 6 9 4 10 2 23 11 24 10 25 9 26 8 27 7 28 6 29 5 30 4 31 3 32 2 
34 3 1 0
0 0 1 0 2 0 
0 1 1 2 
0 3 23 2 
35 6 1 0
0 0 0 1 1 0 1 1 2 0 2 1 
0 1 0 2 1 3 2 3 2 4 3 5 4 5 
0 6 1 3 23 4 24 2 34 2 
36 9 1 0
0 0 0 1 0 2 1 0 1 1 1 2 2 0 2 1 2 2 
0 1 0 3 1 2 1 4 2 5 3 4 3 6 4 5 4 7 5 8 6 7 7 8 
0 9 1 6 2 3 23 6 24 4 25 2 34 3 35 2 
37 12 1 0
0 0 0 1 0 2 0 3 1 0 1 1 1 2 1 3 2 0 2 1 2 2 2 3 
0 1 0 4 1 2 1 5 2 3 2 6 3 7 4 5 4 8 5 6 5 9 6 7 6 10 7 11 8 9 9 10 10 11 
0 12 1 9 2 6 3 3 23 8 24 6 25 4 26 2 34 4 35 3 36 2 
38 15 1 0
0 0 0 1 0 2 0 3 0 4 1 0 1 1 1 2 1 3 1 4 2 0 2 1 2 2 2 3 2 4 
0 1 0 5 1 2 1 6 2 3 2 7 3 4 3 8 4 9 5 6 5 10 6 7 6 11 7 8 7 12 8 9 8 13 9 14 10 11 11 12 12 13 13 14 
0 15 1 12 2 9 3 6 4 3 23 10 24 8 25 6 26 4 27 2 34 5 35 4 36 3 37 2 
39 18 1 0
0 0 0 1 0 2 0 3 0 4 0 5 1 0 1 1 1 2 1 3 1 4 1 5 2 0 2 1 2 2 2 3 2 4 2 5 
0 1 0 6 1 2 1 7 2 3 2 8 3 4 3 9 4 5 4 10 5 11 6 7 6 12 7 8 7 13 8 9 8 14 9 10 9 15 10 11 10 16 11 17 12 13 13 14 14 15 15 16 16 17 
0 18 1 15 2 12 3 9 4 6 5 3 23 12 24 10 25 8 26 6 27 4 28 2 34 6 35 5 36 4 37 3 38 2 
40 21 1 0
0 0 0 1 0 2 0 3 0 4 0 5 0 6 1 0 1 1 1 2 1 3 1 4 1 5 1 6 2 0 2 1 2 2 2 3 2 4 2 5 2 6 
0 1 0 7 1 2 1 8 2 3 2 9 3 4 3 10 4 5 4 11 5 6 5 12 6 13 7 8 7 14 8 9 8 15 9 10 9 16 10 11 10 17 11 12 11 18 12 13 12 19 13 20 14 15 15 16 16 17 17 18 18 19 19 20 
0 21 1 18 2 15 3 12 4 9 5 6 6 3 23 14 24 12 25 10 26 8 27 6 28 4 29 2 34 7 35 6 36 5 37 4 38 3 39 2 
41 4 1 0
0 0 1 0 2 0 3 0 
0 1 1 2 2 3 
0 4 23 3 34 2 
42 8 1 0
0 0 0 1 1 0 1 1 2 0 2 1 3 0 3 1 
0 1 0 2 1 3 2 3 2 4 3 5 4 5 4 6 5 7 6 7 
0 8 1 4 23 6 24 3 34 4 35 2 41 2 
43 12 1 0
0 0 0 1 0 2 1 0 1 1 1 2 2 0 2 1 2 2 3 0 3 1 3 2 
0 1 0 3 1 2 1 4 2 5 3 4 3 6 4 5 4 7 5 8 6 7 6 9 7 8 7 10 8 11 9 10 10 11 
0 12 1 8 2 4 23 9 24 6 25 3 34 6 35 4 36 2 41 3 42 2 
44 16 1 0
0 0 0 1 0 2 0 3 1 0 1 1 1 2 1 3 2 0 2 1 2 2 2 3 3 0 3 1 3 2 3 3 
0 1 0 4 1 2 1 5 2 3 2 6 3 7 4 5 4 8 5 6 5 9 6 7 6 10 7 11 8 9 8 12 9 10 9 13 10 11 10 14 11 15 12 13 13 14 14 15 
0 16 1 12 2 8 3 4 23 12 24 9 25 6 26 3 34 8 35 6 36 4 37 2 41 4 42 3 43 2 
45 20 1 0
0 0 0 1 0 2 0 3 0 4 1 0 1 1 1 2 1 3 1 4 2 0 2 1 2 2 2 3 2 4 3 0 3 1 3 2 3 3 3 4 
0 1 0 5 1 2 1 6 2 3 2 7 3 4 3 8 4 9 5 6 5 10 6 7 6 11 7 8 7 12 8 9 8 13 9 14 10 11 10 15 11 12 11 16 12 13 12 17 13 14 13 18 14 19 15 16 16 17 17 18 18 19 
0 20 1 16 2 12 3 8 4 4 23 15 24 12 25 9 26 6 27 3 34 10 35 8 36 6 37 4 38 2 41 5 42 4 43 3 44 2 
46 5 1 0
0 0 1 0 2 0 3 0 4 0 
0 1 1 2 2 3 3 4 
0 5 23 4 34 3 41 2 
47 10 1 0
0 0 0 1 1 0 1 1 2 0 2 1 3 0 3 1 4 0 4 1 
0 1 0 2 1 3 2 3 2 4 3 5 4 5 4 6 5 7 6 7 6 8 7 9 8 9 
0 10 1 5 23 8 24 4 34 6 35 3 41 4 42 2 46 2 
48 15 1 0
0 0 0 1 0 2 1 0 1 1 1 2 2 0 2 1 2 2 3 0 3 1 3 2 4 0 4 1 4 2 
0 1 0 3 1 2 1 4 2 5 3 4 3 6 4 5 4 7 5 8 6 7 6 9 7 8 7 10 8 11 9 10 9 12 10 11 10 13 11 14 12 13 13 14 
0 15 1 10 2 5 23 12 24 8 25 4 34 9 35 6 36 3 41 6 42 4 43 2 46 3 47 2 
49 20 1 0
0 0 0 1 0 2 0 3 1 0 1 1 1 2 1 3 2 0 2 1 2 2 2 3 3 0 3 1 3 2 3 3 4 0 4 1 4 2 4 3 
0 1 0 4 1 2 1 5 2 3 2 6 3 7 4 5 4 8 5 6 5 9 6 7 6 10 7 11 8 9 8 12 9 10 9 13 10 11 10 14 11 15 12 13 12 16 13 14 13 17 14 15 14 18 15 19 16 17 17 18 18 19 
0 20 1 15 2 10 3 5 23 16 24 12 25 8 26 4 34 12 35 9 36 6 37 3 41 8 42 6 43 4 44 2 46 4 47 3 48 2 
50 6 1 0
0 0 1 0 2 0 3 0 4 0 5 0 
0 1 1 2 2 3 3 4 4 5 
0 6 23 5 34 4 41 3 46 2 
51 12 1 0
0 0 0 1 1 0 1 1 2 0 2 1 3 0 3 1 4 0 4 1 5 0 5 1 
0 1 0 2 1 3 2 3 2 4 3 5 4 5 4 6 5 7 6 7 6 8 7 9 8 9 8 10 9 11 10 11 
0 12 1 6 23 10 24 5 34 8 35 4 41 6 42 3 46 4 47 2 50 2 
52 18 1 0
0 0 0 1 0 2 1 0 1 1 1 2 2 0 2 1 2 2 3 0 3 1 3 2 4 0 4 1 4 2 5 0 5 1 5 2 
0 1 0 3 1 2 1 4 2 5 3 4 3 6 4 5 4 7 5 8 6 7 6 9 7 8 7 10 8 11 9 10 9 12 10 11 10 13 11 14 12 13 12 15 13 14 13 16 14 17 15 16 16 17 
0 18 1 12 2 6 23 15 24 10 25 5 34 12 35 8 36 4 41 9 42 6 43 3 46 6 47 4 48 2 50 3 51 2 
53 7 1 0
0 0 1 0 2 0 3 0 4 0 5 0 6 0 
0 1 1 2 2 3 3 4 4 5 5 6 
0 7 23 6 34 5 41 4 46 3 50 2 
54 14 1 0
0 0 0 1 1 0 1 1 2 0 2 1 3 0 3 1 4 0 4 1 5 0 5 1 6 0 6 1 
0 1 0 2 1 3 2 3 2 4 3 5 4 5 4 6 5 7 6 7 6 8 7 9 8 9 8 10 9 11 10 11 10 12 11 13 12 13 
0 14 1 7 23 12 24 6 34 10 35 5 41 8 42 4 46 6 47 3 50 4 51 2 53 2 
55 21 1 0
0 0 0 1 0 2 1 0 1 1 1 2 2 0 2 1 2 2 3 0 3 1 3 2 4 0 4 1 4 2 5 0 5 1 5 2 6 0 6 1 6 2 
0 1 0 3 1 2 1 4 2 5 3 4 3 6 4 5 4 7 5 8 6 7 6 9 7 8 7 10 8 11 9 10 9 12 10 11 10 13 11 14 12 13 12 15 13 14 13 16 14 17 15 16 15 18 16 17 16 19 17 20 18 19 19 20 
0 21 1 14 2 7 23 18 24 12 25 6 34 15 35 10 36 5 41 12 42 8 43 4 46 9 47 6 48 3 50 6 51 4 52 2 53 3 54 2 
56 8 1 0
0 0 1 0 2 0 3 0 4 0 5 0 6 0 7 0 
0 1 1 2 2 3 3 4 4 5 5 6 6 7 
0 8 23 7 34 6 41 5 46 4 50 3 53 2 
57 16 1 0
0 0 0 1 1 0 1 1 2 0 2 1 3 0 3 1 4 0 4 1 5 0 5 1 6 0 6 1 7 0 7 1 
0 1 0 2 1 3 2 3 2 4 3 5 4 5 4 6 5 7 6 7 6 8 7 9 8 9 8 10 9 11 10 11 10 12 11 13 12 13 12 14 13 15 14 15 
0 16 1 8 23 14 24 7 34 12 35 6 41 10 42 5 46 8 47 4 50 6 51 3 53 4 54 2 56 2 
58 9 1 0
0 0 1 0 2 0 3 0 4 0 5 0 6 0 7 0 8 0 
0 1 1 2 2 3 3 4 4 5 5 6 6 7 7 8 
0 9 23 8 34 7 41 6 46 5 50 4 53 3 56 2 
59 18 1 0
0 0 0 1 1 0 1 1 2 0 2 1 3 0 3 1 4 0 4 1 5 0 5 1 6 0 6 1 7 0 7 1 8 0 8 1 
0 1 0 2 1 3 2 3 2 4 3 5 4 5 4 6 5 7 6 7 6 8 7 9 8 9 8 10 9 11 10 11 10 12 11 13 12 13 12 14 13 15 14 15 14 16 15 17 16 17 
0 18 1 9 23 16 24 8 34 14 35 7 41 12 42 6 46 10 47 5 50 8 51 4 53 6 54 3 56 4 57 2 58 2 
60 10 1 0
0 0 1 0 2 0 3 0 4 0 5 0 6 0 7 0 8 0 9 0 
0 1 1 2 2 3 3 4 4 5 5 6 6 7 7 8 8 9 
0 10 23 9 34 8 41 7 46 6 50 5 53 4 56 3 58 2 
61 20 1 0
0 0 0 1 1 0 1 1 2 0 2 1 3 0 3 1 4 0 4 1 5 0 5 1 6 0 6 1 7 0 7 1 8 0 8 1 9 0 9 1 
0 1 0 2 1 3 2 3 2 4 3 5 4 5 4 6 5 7 6 7 6 8 7 9 8 9 8 10 9 11 10 11 10 12 11 13 12 13 12 14 13 15 14 15 14 16 15 17 16 17 16 18 17 19 18 19 
0 20 1 10 23 18 24 9 34 16 35 8 41 14 42 7 46 12 47 6 50 10 51 5 53 8 54 4 56 6 57 3 58 4 59 2 60 2 
62 11 1 0
0 0 1 0 2 0 3 0 4 0 5 0 6 0 7 0 8 0 9 0 10 0 
0 1 1 2 2 3 3 4 4 5 5 6 6 7 7 8 8 9 9 10 
0 11 23 10 34 9 41 8 46 7 50 6 53 5 56 4 58 3 60 2 
63 22 1 0
0 0 0 1 1 0 1 1 2 0 2 1 3 0 3 1 4 0 4 1 5 0 5 1 6 0 6 1 7 0 7 1 8 0 8 1 9 0 9 1 10 0 10 1 
0 1 0 2 1 3 2 3 2 4 3 5 4 5 4 6 5 7 6 7 6 8 7 9 8 9 8 10 9 11 10 11 10 12 11 13 12 13 12 14 13 15 14 15 14 16 15 17 16 17 16 18 17 19 18 19 18 20 19 21 20 21 
0 22 1 11 23 20 24 10 34 18 35 9 41 16 42 8 46 14 47 7 50 12 51 6 53 10 54 5 56 8 57 4 58 6 59 3 60 4 61 2 62 2 
64 12 1 0
0 0 1 0 2 0 3 0 4 0 5 0 6 0 7 0 8 0 9 0 10 0 11 0 
0 1 1 2 2 3 3 4 4 5 5 6 6 7 7 8 8 9 9 10 10 11 
0 12 23 11 34 10 41 9 46 8 50 7 53 6 56 5 58 4 60 3 62 2 
65 13 1 0
0 0 1 0 2 0 3 0 4 0 5 0 6 0 7 0 8 0 9 0 10 0 11 0 12 0 
0 1 1 2 2 3 3 4 4 5 5 6 6 7 7 8 8 9 9 10 10 11 11 12 
0 13 23 12 34 11 41 10 46 9 50 8 53 7 56 6 58 5 60 4 62 3 64 2 
66 14 1 0
0 0 1 0 2 0 3 0 4 0 5 0 6 0 7 0 8 0 9 0 10 0 11 0 12 0 13 0 
0 1 1 2 2 3 3 4 4 5 5 6 6 7 7 8 8 9 9 10 10 11 11 12 12 13 
0 14 23 13 34 12 41 11 46 10 50 9 53 8 56 7 58 6 60 5 62 4 64 3 65 2 
67 15 1 0
0 0 1 0 2 0 3 0 4 0 5 0 6 0 7 0 8 0 9 0 10 0 11 0 12 0 13 0 14 0 
0 1 1 2 2 3 3 4 4 5 5 6 6 7 7 8 8 9 9 10 10 11 11 12 12 13 13 14 
0 15 23 14 34 13 41 12 46 11 50 10 53 9 56 8 58 7 60 6 62 5 64 4 65 3 66 2 
68 16 1 0
0 0 1 0 2 0 3 0 4 0 5 0 6 0 7 0 8 0 9 0 10 0 11 0 12 0 13 0 14 0 15 0 
0 1 1 2 2 3 3 4 4 5 5 6 6 7 7 8 8 9 9 10 10 11 11 12 12 13 13 14 14 15 
0 16 23 15 34 14 41 13 46 12 50 11 53 10 56 9 58 8 60 7 62 6 64 5 65 4 66 3 67 2 
69 17 1 0
0 0 1 0 2 0 3 0 4 0 5 0 6 0 7 0 8 0 9 0 10 0 11 0 12 0 13 0 14 0 15 0 16 0 
0 1 1 2 2 3 3 4 4 5 5 6 6 7 7 8 8 9 9 10 10 11 11 12 12 13 13 14 14 15 15 16 
0 17 23 16 34 15 41 14 46 13 50 12 53 11 56 10 58 9 60 8 62 7 64 6 65 5 66 4 67 3 68 2 
70 18 1 0
0 0 1 0 2 0 3 0 4 0 5 0 6 0 7 0 8 0 9 0 10 0 11 0 12 0 13 0 14 0 15 0 16 0 17 0 
0 1 1 2 2 3 3 4 4 5 5 6 6 7 7 8 8 9 9 10 10 11 11 12 12 13 13 14 14 15 15 16 16 17 
0 18 23 17 34 16 41 15 46 14 50 13 53 12 56 11 58 10 60 9 62 8 64 7 65 6 66 5 67 4 68 3 69 2 
71 19 1 0
0 0 1 0 2 0 3 0 4 0 5 0 6 0 7 0 8 0 9 0 10 0 11 0 12 0 13 0 14 0 15 0 16 0 17 0 18 0 
0 1 1 2 2 3 3 4 4 5 5 6 6 7 7 8 8 9 9 10 10 11 11 12 12 13 13 14 14 15 15 16 16 17 17 18 
0 19 23 18 34 17 41 16 46 15 50 14 53 13 56 12 58 11 60 10 62 9 64 8 65 7 66 6 67 5 68 4 69 3 70 2 
72 20 1 0
0 0 1 0 2 0 3 0 4 0 5 0 6 0 7 0 8 0 9 0 10 0 11 0 12 0 13 0 14 0 15 0 16 0 17 0 18 0 19 0 
0 1 1 2 2 3 3 4 4 5 5 6 6 7 7 8 8 9 9 10 10 11 11 12 12 13 13 14 14 15 15 16 16 17 17 18 18 19 
0 20 23 19 34 18 41 17 46 16 50 15 53 14 56 13 58 12 60 11 62 10 64 9 65 8 66 7 67 6 68 5 69 4 70 3 71 2 
73 21 1 0
0 0 1 0 2 0 3 0 4 0 5 0 6 0 7 0 8 0 9 0 10 0 11 0 12 0 13 0 14 0 15 0 16 0 17 0 18 0 19 0 20 0 
0 1 1 2 2 3 3 4 4 5 5 6 6 7 7 8 8 9 9 10 10 11 11 12 12 13 13 14 14 15 15 16 16 17 17 18 18 19 19 20 
0 21 23 20 34 19 41 18 46 17 50 16 53 15 56 14 58 13 60 12 62 11 64 10 65 9 66 8 67 7 68 6 69 5 70 4 71 3 72 2 
74 22 1 0
0 0 1 0 2 0 3 0 4 0 5 0 6 0 7 0 8 0 9 0 10 0 11 0 12 0 13 0 14 0 15 0 16 0 17 0 18 0 19 0 20 0 21 0 
0 1 1 2 2 3 3 4 4 5 5 6 6 7 7 8 8 9 9 10 10 11 11 12 12 13 13 14 14 15 15 16 16 17 17 18 18 19 19 20 20 21 
0 22 23 21 34 20 41 19 46 18 50 17 53 16 56 15 58 14 60 13 62 12 64 11 65 10 66 9 67 8 68 7 69 6 70 5 71 4 72 3 73 2 
75 23 1 0
0 0 1 0 2 0 3 0 4 0 5 0 6 0 7 0 8 0 9 0 10 0 11 0 12 0 13 0 14 0 15 0 16 0 17 0 18 0 19 0 20 0 21 0 22 0 
0 1 1 2 2 3 3 4 4 5 5 6 6 7 7 8 8 9 9 10 10 11 11 12 12 13 13 14 14 15 15 16 16 17 17 18 18 19 19 20 20 21 21 22 
0 23 23 22 34 21 41 20 46 19 50 18 53 17 56 16 58 15 60 14 62 13 64 12 65 11 66 10 67 9 68 8 69 7 70 6 71 5 72 4 73 3 74 2 
