0 1 1 0
0 0 


1 2 1 0
0 0 0 1 
0 1 
0 2 
2 3 1 0
0 0 0 1 0 2 
0 1 1 2 
0 3 1 2 
3 4 1 0
0 0 0 1 0 2 0 3 
0 1 1 2 2 3 
0 4 1 3 2 2 
4 5 1 0
0 0 0 1 0 2 0 3 0 4 
0 1 1 2 2 3 3 4 
0 5 1 4 2 3 3 2 
5 6 1 0
0 0 0 1 0 2 0 3 0 4 0 5 
0 1 1 2 2 3 3 4 4 5 
0 6 1 5 2 4 3 3 4 2 
6 7 1 0
0 0 0 1 0 2 0 3 0 4 0 5 0 6 
0 1 1 2 2 3 3 4 4 5 5 6 
0 7 1 6 2 5 3 4 4 3 5 2 
7 8 1 0
0 0 0 1 0 2 0 3 0 4 0 5 0 6 0 7 
0 1 1 2 2 3 3 4 4 5 5 6 6 7 
0 8 1 7 2 6 3 5 4 4 5 3 6 2 
8 9 1 0
0 0 0 1 0 2 0 3 0 4 0 5 0 6 0 7 0 8 
0 1 1 2 2 3 3 4 4 5 5 6 6 7 7 8 
0 9 1 8 2 7 3 6 4 5 5 4 6 3 7 2 
9 10 1 0
0 0 0 1 0 2 0 3 0 4 0 5 0 6 0 7 0 8 0 9 
0 1 1 2 2 3 3 4 4 5 5 6 6 7 7 8 8 9 
0 10 1 9 2 8 3 7 4 6 5 5 6 4 7 3 8 2 
10 11 1 0
0 0 0 1 0 2 0 3 0 4 0 5 0 6 0 7 0 8 0 9 0 10 
0 1 1 2 2 3 3 4 4 5 5 6 6 7 7 8 8 9 9 10 
0 11 1 10 2 9 3 8 4 7 5 6 6 5 7 4 8 3 9 2 
11 12 1 0
0 0 0 1 0 2 0 3 0 4 0 5 0 6 0 7 0 8 0 9 0 10 0 11 
0 1 1 2 2 3 3 4 4 5 5 6 6 7 7 8 8 9 9 10 10 11 
0 12 1 11 2 10 3 9 4 8 5 7 6 6 7 5 8 4 9 3 10 2 
12 13 1 0
0 0 0 1 0 2 0 3 0 4 0 5 0 6 0 7 0 8 0 9 0 10 0 11 0 12 
0 1 1 2 2 3 3 4 4 5 5 6 6 7 7 8 8 9 9 10 10 11 11 12 
0 13 1 12 2 11 3 10 4 9 5 8 6 7 7 6 8 5 9 4 10 3 11 2 
13 14 1 0
0 0 0 1 0 2 0 3 0 4 0 5 0 6 0 7 0 8 0 9 0 10 0 11 0 12 0 13 
0 1 1 2 2 3 3 4 4 5 5 6 6 7 7 8 8 9 9 10 10 11 11 12 12 13 
0 14 1 13 2 12 3 11 4 10 5 9 6 8 7 7 8 6 9 5 10 4 11 3 12 2 
14 15 1 0
0 0 0 1 0 2 0 3 0 4 0 5 0 6 0 7 0 8 0 9 0 10 0 11 0 12 0 13 0 14 
0 1 1 2 2 3 3 4 4 5 5 6 6 7 7 8 8 9 9 10 10 11 11 12 12 13 13 14 
0 15 1 14 2 13 3 12 4 11 5 10 6 9 7 8 8 7 9 6 10 5 11 4 12 3 13 2 
15 16 1 0
0 0 0 1 0 2 0 3 0 4 0 5 0 6 0 7 0 8 0 9 0 10 0 11 0 12 0 13 0 14 0 15 
0 1 1 2 2 3 3 4 4 5 5 6 6 7 7 8 8 9 9 10 10 11 11 12 12 13 13 14 14 15 
0 16 1 15 2 14 3 13 4 12 5 11 6 10 7 9 8 8 9 7 10 6 11 5 12 4 13 3 14 2 
16 17 1 0
0 0 0 1 0 2 0 3 0 4 0 5 0 6 0 7 0 8 0 9 0 10 0 11 0 12 0 13 0 14 0 15 0 16 
0 1 1 2 2 3 3 4 4 5 5 6 6 7 7 8 8 9 9 10 10 11 11 12 12 13 13 14 14 15 15 16 
0 17 1 16 2 15 3 14 4 13 5 12 6 11 7 10 8 9 9 8 10 7 11 6 12 5 13 4 14 3 15 2 
17 18 1 0
0 0 0 1 0 2 0 3 0 4 0 5 0 6 0 7 0 8 0 9 0 10 0 11 0 12 0 13 0 14 0 15 0 16 0 17 
0 1 1 2 2 3 3 4 4 5 5 6 6 7 7 8 8 9 9 10 10 11 11 12 12 13 13 14 14 15 15 16 16 17 
0 18 1 17 2 16 3 15 4 14 5 13 6 12 7 11 8 10 9 9 10 8 11 7 12 6 13 5 14 4 15 3 16 2 
18 2 1 0
0 0 1 0 
0 1 
0 2 
19 4 1 0
0 0 0 1 1 0 1 1 
0 1 0 2 1 3 2 3 
0 4 1 2 18 2 
20 6 1 0
0 0 0 1 0 2 1 0 1 1 1 2 
0 1 0 3 1 2 1 4 2 5 3 4 4 5 
0 6 1 4 2 2 18 3 19 2 
21 8 1 0
0 0 0 1 0 2 0 3 1 0 1 1 1 2 1 3 
0 1 0 4 1 2 1 5 2 3 2 6 3 7 4 5 5 6 6 7 
0 8 1 6 2 4 3 2 18 4 19 3 20 2 
22 10 1 0
0 0 0 1 0 2 0 3 0 4 1 0 1 1 1 2 1 3 1 4 
0 1 0 5 1 2 1 6 2 3 2 7 3 4 3 8 4 9 5 6 6 7 7 8 8 9 
0 10 1 8 2 6 3 4 4 2 18 5 19 4 20 3 21 2 
23 12 1 0
0 0 0 1 0 2 0 3 0 4 0 5 1 0 1 1 1 2 1 3 1 4 1 5 
0 1 0 6 1 2 1 7 2 3 2 8 3 4 3 9 4 5 4 10 5 11 6 7 7 8 8 9 9 10 10 11 
0 12 1 10 2 8 3 6 4 4 5 2 18 6 19 5 20 4 21 3 22 2 
24 14 1 0
0 0 0 1 0 2 0 3 0 4 0 5 0 6 1 0 1 1 1 2 1 3 1 4 1 5 1 6 
0 1 0 7 1 2 1 8 2 3 2 9 3 4 3 10 4 5 4 11 5 6 5 12 6 13 7 8 8 9 9 10 10 11 11 12 12 13 
0 14 1 12 2 10 3 8 4 6 5 4 6 2 18 7 19 6 20 5 21 4 22 3 23 2 
25 16 1 0
0 0 0 1 0 2 0 3 0 4 0 5 0 6 0 7 1 0 1 1 1 2 1 3 1 4 1 5 1 6 1 7 
0 1 0 8 1 2 1 9 2 3 2 10 3 4 3 11 4 5 4 12 5 6 5 13 6 7 6 14 7 15 8 9 9 10 10 11 11 12 12 13 13 14 14 15 
0 16 1 14 2 12 3 10 4 8 5 6 6 4 7 2 18 8 19 7 20 6 21 5 22 4 23 3 24 2 
26 18 1 0
0 0 0 1 0 2 0 3 0 4 0 5 0 6 0 7 0 8 1 0 1 1 1 2 1 3 1 4 1 5 1 6 1 7 1 8 
0 1 0 9 1 2 1 10 2 3 2 11 3 4 3 12 4 5 4 13 5 6 5 14 6 7 6 15 7 8 7 16 8 17 9 10 10 11 11 12 12 13 13 14 14 15 15 16 16 17 
0 18 1 16 2 14 3 12 4 10 5 8 6 6 7 4 8 2 18 9 19 8 20 7 21 6 22 5 23 4 24 3 25 2 
27 3 1 0
0 0 1 0 2 0 
0 1 1 2 
0 3 18 2 
28 6 1 0
0 0 0 1 1 0 1 1 2 0 2 1 
0 1 0 2 1 3 2 3 2 4 3 5 4 5 
0 6 1 3 18 4 19 2 27 2 
29 9 1 0
0 0 0 1 0 2 1 0 1 1 1 2 2 0 2 1 2 2 
0 1 0 3 1 2 1 4 2 5 3 4 3 6 4 5 4 7 5 8 6 7 7 8 
0 9 1 6 2 3 18 6 19 4 20 2 27 3 28 2 
30 12 1 0
0 0 0 1 0 2 0 3 1 0 1 1 1 2 1 3 2 0 2 1 2 2 2 3 
0 1 0 4 1 2 1 5 2 3 2 6 3 7 4 5 4 8 5 6 5 9 6 7 6 10 7 11 8 9 9 10 10 11 
0 12 1 9 2 6 3 3 18 8 19 6 20 4 21 2 27 4 28 3 29 2 
31 15 1 0
0 0 0 1 0 2 0 3 0 4 1 0 1 1 1 2 1 3 1 4 2 0 2 1 2 2 2 3 2 4 
0 1 0 5 1 2 1 6 2 3 2 7 3 4 3 8 4 9 5 6 5 10 6 7 6 11 7 8 7 12 8 9 8 13 9 14 10 11 11 12 12 13 13 14 
0 15 1 12 2 9 3 6 4 3 18 10 19 8 20 6 21 4 22 2 27 5 28 4 29 3 30 2 
32 18 1 0
0 0 0 1 0 2 0 3 0 4 0 5 1 0 1 1 1 2 1 3 1 4 1 5 2 0 2 1 2 2 2 3 2 4 2 5 
0 1 0 6 1 2 1 7 2 3 2 8 3 4 3 9 4 5 4 10 5 11 6 7 6 12 7 8 7 13 8 9 8 14 9 10 9 15 10 11 10 16 11 17 12 13 13 14 14 15 15 16 16 17 
0 18 1 15 2 12 3 9 4 6 5 3 18 12 19 10 20 8 21 6 22 4 23 2 27 6 28 5 29 4 30 3 31 2 
33 4 1 0
0 0 1 0 2 0 3 0 
0 1 1 2 2 3 
0 4 18 3 27 2 
34 8 1 0
0 0 0 1 1 0 1 1 2 0 2 1 3 0 3 1 
0 1 0 2 1 3 2 3 2 4 3 5 4 5 4 6 5 7 6 7 
0 8 1 4 18 6 19 3 27 4 28 2 33 2 
35 12 1 0
0 0 0 1 0 2 1 0 1 1 1 2 2 0 2 1 2 2 3 0 3 1 3 2 
0 1 0 3 1 2 1 4 2 5 3 4 3 6 4 5 4 7 5 8 6 7 6 9 7 8 7 10 8 11 9 10 10 11 
0 12 1 8 2 4 18 9 19 6 20 3 27 6 28 4 29 2 33 3 34 2 
36 16 1 0
0 0 0 1 0 2 0 3 1 0 1 1 1 2 1 3 2 0 2 1 2 2 2 3 3 0 3 1 3 2 3 3 
0 1 0 4 1 2 1 5 2 3 2 6 3 7 4 5 4 8 5 6 5 9 6 7 6 10 7 11 8 9 8 12 9 10 9 13 10 11 10 14 11 15 12 13 13 14 14 15 
0 16 1 12 2 8 3 4 18 12 19 9 20 6 21 3 27 8 28 6 29 4 30 2 33 4 34 3 35 2 
37 5 1 0
0 0 1 0 2 0 3 0 4 0 
0 1 1 2 2 3 3 4 
0 5 18 4 27 3 33 2 
38 10 1 0
0 0 0 1 1 0 1 1 2 0 2 1 3 0 3 1 4 0 4 1 
0 1 0 2 1 3 2 3 2 4 3 5 4 5 4 6 5 7 6 7 6 8 7 9 8 9 
0 10 1 5 18 8 19 4 27 6 28 3 33 4 34 2 37 2 
39 15 1 0
0 0 0 1 0 2 1 0 1 1 1 2 2 0 2 1 2 2 3 0 3 1 3 2 4 0 4 1 4 2 
0 1 0 3 1 2 1 4 2 5 3 4 3 6 4 5 4 7 5 8 6 7 6 9 7 8 7 10 8 11 9 10 9 12 10 11 10 13 11 14 12 13 13 14 
0 15 1 10 2 5 18 12 19 8 20 4 27 9 28 6 29 3 33 6 34 4 35 2 37 3 38 2 
40 6 1 0
0 0 1 0 2 0 3 0 4 0 5 0 
0 1 1 2 2 3 3 4 4 5 
0 6 18 5 27 4 33 3 37 2 
41 12 1 0
0 0 0 1 1 0 1 1 2 0 2 1 3 0 3 1 4 0 4 1 5 0 5 1 
0 1 0 2 1 3 2 3 2 4 3 5 4 5 4 6 5 7 6 7 6 8 7 9 8 9 8 10 9 11 10 11 
0 12 1 6 18 10 19 5 27 8 28 4 33 6 34 3 37 4 38 2 40 2 
42 18 1 0
0 0 0 1 0 2 1 0 1 1 1 2 2 0 2 1 2 2 3 0 3 1 3 2 4 0 4 1 4 2 5 0 5 1 5 2 
0 1 0 3 1 2 1 4 2 5 3 4 3 6 4 5 4 7 5 8 6 7 6 9 7 8 7 10 8 11 9 10 9 12 10 11 10 13 11 14 12 13 12 15 13 14 13 16 14 17 15 16 16 17 
0 18 1 12 2 6 18 15 19 10 20 5 27 12 28 8 29 4 33 9 34 6 35 3 37 6 38 4 39 2 40 3 41 2 
43 7 1 0
0 0 1 0 2 0 3 0 4 0 5 0 6 0 
0 1 1 2 2 3 3 4 4 5 5 6 
0 7 18 6 27 5 33 4 37 3 40 2 
44 14 1 0
0 0 0 1 1 0 1 1 2 0 2 1 3 0 3 1 4 0 4 1 5 0 5 1 6 0 6 1 
0 1 0 2 1 3 2 3 2 4 3 5 4 5 4 6 5 7 6 7 6 8 7 9 8 9 8 10 9 11 10 11 10 12 11 13 12 13 
0 14 1 7 18 12 19 6 27 10 28 5 33 8 34 4 37 6 38 3 40 4 41 2 43 2 
45 8 1 0
0 0 1 0 2 0 3 0 4 0 5 0 6 0 7 0 
0 1 1 2 2 3 3 4 4 5 5 6 6 7 
0 8 18 7 27 6 33 5 37 4 40 3 43 2 
46 16 1 0
0 0 0 1 1 0 1 1 2 0 2 1 3 0 3 1 4 0 4 1 5 0 5 1 6 0 6 1 7 0 7 1 
0 1 0 2 1 3 2 3 2 4 3 5 4 5 4 6 5 7 6 7 6 8 7 9 8 9 8 10 9 11 10 11 10 12 11 13 12 13 12 14 13 15 14 15 
0 16 1 8 18 14 19 7 27 12 28 6 33 10 34 5 37 8 38 4 40 6 41 3 43 4 44 2 45 2 
47 9 1 0
0 0 1 0 2 0 3 0 4 0 5 0 6 0 7 0 8 0 
0 1 1 2 2 3 3 4 4 5 5 6 6 7 7 8 
0 9 18 8 27 7 33 6 37 5 40 4 43 3 45 2 
48 18 1 0
0 0 0 1 1 0 1 1 2 0 2 1 3 0 3 1 4 0 4 1 5 0 5 1 6 0 6 1 7 0 7 1 8 0 8 1 
0 1 0 2 1 3 2 3 2 4 3 5 4 5 4 6 5 7 6 7 6 8 7 9 8 9 8 10 9 11 10 11 10 12 11 13 12 13 12 14 13 15 14 15 14 16 15 17 16 17 
0 18 1 9 18 16 19 8 27 14 28 7 33 12 34 6 37 10 38 5 40 8 41 4 43 6 44 3 45 4 46 2 47 2 
49 10 1 0
0 0 1 0 2 0 3 0 4 0 5 0 6 0 7 0 8 0 9 0 
0 1 1 2 2 3 3 4 4 5 5 6 6 7 7 8 8 9 
0 10 18 9 27 8 33 7 37 6 40 5 43 4 45 3 47 2 
50 11 1 0
0 0 1 0 2 0 3 0 4 0 5 0 6 0 7 0 8 0 9 0 10 0 
0 1 1 2 2 3 3 4 4 5 5 6 6 7 7 8 8 9 9 10 
0 11 18 10 27 9 33 8 37 7 40 6 43 5 45 4 47 3 49 2 
51 12 1 0
0 0 1 0 2 0 3 0 4 0 5 0 6 0 7 0 8 0 9 0 10 0 11 0 
0 1 1 2 2 3 3 4 4 5 5 6 6 7 7 8 8 9 9 10 10 11 
0 12 18 11 27 10 33 9 37 8 40 7 43 6 45 5 47 4 49 3 50 2 
52 13 1 0
0 0 1 0 2 0 3 0 4 0 5 0 6 0 7 0 8 0 9 0 10 0 11 0 12 0 
0 1 1 2 2 3 3 4 4 5 5 6 6 7 7 8 8 9 9 10 10 11 11 12 
0 13 18 12 27 11 33 10 37 9 40 8 43 7 45 6 47 5 49 4 50 3 51 2 
53 14 1 0
0 0 1 0 2 0 3 0 4 0 5 0 6 0 7 0 8 0 9 0 10 0 11 0 12 0 13 0 
0 1 1 2 2 3 3 4 4 5 5 6 6 7 7 8 8 9 9 10 10 11 11 12 12 13 
0 14 18 13 27 12 33 11 37 10 40 9 43 8 45 7 47 6 49 5 50 4 51 3 52 2 
54 15 1 0
0 0 1 0 2 0 3 0 4 0 5 0 6 0 7 0 8 0 9 0 10 0 11 0 12 0 13 0 14 0 
0 1 1 2 2 3 3 4 4 5 5 6 6 7 7 8 8 9 9 10 10 11 11 12 12 13 13 14 
0 15 18 14 27 13 33 12 37 11 40 10 43 9 45 8 47 7 49 6 50 5 51 4 52 3 53 2 
55 16 1 0
0 0 1 0 2 0 3 0 4 0 5 0 6 0 7 0 8 0 9 0 10 0 11 0 12 0 13 0 14 0 15 0 
0 1 1 2 2 3 3 4 4 5 5 6 6 7 7 8 8 9 9 10 10 11 11 12 12 13 13 14 14 15 
0 16 18 15 27 14 33 13 37 12 40 11 43 10 45 9 47 8 49 7 50 6 51 5 52 4 53 3 54 2 
56 17 1 0
0 0 1 0 2 0 3 0 4 0 5 0 6 0 7 0 8 0 9 0 10 0 11 0 12 0 13 0 14 0 15 0 16 0 
0 1 1 2 2 3 3 4 4 5 5 6 6 7 7 8 8 9 9 10 10 11 11 12 12 13 13 14 14 15 15 16 
0 17 18 16 27 15 33 14 37 13 40 12 43 11 45 10 47 9 49 8 50 7 51 6 52 5 53 4 54 3 55 2 
57 18 1 0
0 0 1 0 2 0 3 0 4 0 5 0 6 0 7 0 8 0 9 0 10 0 11 0 12 0 13 0 14 0 15 0 16 0 17 0 
0 1 1 2 2 3 3 4 4 5 5 6 6 7 7 8 8 9 9 10 10 11 11 12 12 13 13 14 14 15 15 16 16 17 
0 18 18 17 27 16 33 15 37 14 40 13 43 12 45 11 47 10 49 9 50 8 51 7 52 6 53 5 54 4 55 3 56 2 
