0 1 1 0
0 0 


1 2 1 0
0 0 0 1 
0 1 
0 2 
2 3 1 0
0 0 0 1 0 2 
0 1 1 2 
0 3 1 2 
3 4 1 0
0 0 0 1 0 2 0 3 
0 1 1 2 2 3 
0 4 1 3 2 2 
4 5 1 0
0 0 0 1 0 2 0 3 0 4 
0 1 1 2 2 3 3 4 
0 5 1 4 2 3 3 2 
5 6 1 0
0 0 0 1 0 2 0 3 0 4 0 5 
0 1 1 2 2 3 3 4 4 5 
0 6 1 5 2 4 3 3 4 2 
6 7 1 0
0 0 0 1 0 2 0 3 0 4 0 5 0 6 
0 1 1 2 2 3 3 4 4 5 5 6 
0 7 1 6 2 5 3 4 4 3 5 2 
7 8 1 0
0 0 0 1 0 2 0 3 0 4 0 5 0 6 0 7 
0 1 1 2 2 3 3 4 4 5 5 6 6 7 
0 8 1 7 2 6 3 5 4 4 5 3 6 2 
8 9 1 0
0 0 0 1 0 2 0 3 0 4 0 5 0 6 0 7 0 8 
0 1 1 2 2 3 3 4 4 5 5 6 6 7 7 8 
0 9 1 8 2 7 3 6 4 5 5 4 6 3 7 2 
9 10 1 0
0 0 0 1 0 2 0 3 0 4 0 5 0 6 0 7 0 8 0 9 
0 1 1 2 2 3 3 4 4 5 5 6 6 7 7 8 8 9 
0 10 1 9 2 8 3 7 4 6 5 5 6 4 7 3 8 2 
10 11 1 0
0 0 0 1 0 2 0 3 0 4 0 5 0 6 0 7 0 8 0 9 0 10 
0 1 1 2 2 3 3 4 4 5 5 6 6 7 7 8 8 9 9 10 
0 11 1 10 2 9 3 8 4 7 5 6 6 5 7 4 8 3 9 2 
11 12 1 0
0 0 0 1 0 2 0 3 0 4 0 5 0 6 0 7 0 8 0 9 0 10 0 11 
0 1 1 2 2 3 3 4 4 5 5 6 6 7 7 8 8 9 9 10 10 11 
0 12 1 11 2 10 3 9 4 8 5 7 6 6 7 5 8 4 9 3 10 2 
12 13 1 0
0 0 0 1 0 2 0 3 0 4 0 5 0 6 0 7 0 8 0 9 0 10 0 11 0 12 
0 1 1 2 2 3 3 4 4 5 5 6 6 7 7 8 8 9 9 10 10 11 11 12 
0 13 1 12 2 11 3 10 4 9 5 8 6 7 7 6 8 5 9 4 10 3 11 2 
13 14 1 0
0 0 0 1 0 2 0 3 0 4 0 5 0 6 0 7 0 8 0 9 0 10 0 11 0 12 0 13 
0 1 1 2 2 3 3 4 4 5 5 6 6 7 7 8 8 9 9 10 10 11 11 12 12 13 
0 14 1 13 2 12 3 11 4 10 5 9 6 8 7 7 8 6 9 5 10 4 11 3 12 2 
14 15 1 0
0 0 0 1 0 2 0 3 0 4 0 5 0 6 0 7 0 8 0 9 0 10 0 11 0 12 0 13 0 14 
0 1 1 2 2 3 3 4 4 5 5 6 6 7 7 8 8 9 9 10 10 11 11 12 12 13 13 14 
0 15 1 14 2 13 3 12 4 11 5 10 6 9 7 8 8 7 9 6 10 5 11 4 12 3 13 2 
15 16 1 0
0 0 0 1 0 2 0 3 0 4 0 5 0 6 0 7 0 8 0 9 0 10 0 11 0 12 0 13 0 14 0 15 
0 1 1 2 2 3 3 4 4 5 5 6 6 7 7 8 8 9 9 10 10 11 11 12 12 13 13 14 14 15 
0 16 1 15 2 14 3 13 4 12 5 11 6 10 7 9 8 8 9 7 10 6 11 5 12 4 13 3 14 2 
16 17 1 0
0 0 0 1 0 2 0 3 0 4 0 5 0 6 0 7 0 8 0 9 0 10 0 11 0 12 0 13 0 14 0 15 0 16 
0 1 1 2 2 3 3 4 4 5 5 6 6 7 7 8 8 9 9 10 10 11 11 12 12 13 13 14 14 15 15 16 
0 17 1 16 2 15 3 14 4 13 5 12 6 11 7 10 8 9 9 8 10 7 11 6 12 5 13 4 14 3 15 2 
17 18 1 0
0 0 0 1 0 2 0 3 0 4 0 5 0 6 0 7 0 8 0 9 0 10 0 11 0 12 0 13 0 14 0 15 0 16 0 17 
0 1 1 2 2 3 3 4 4 5 5 6 6 7 7 8 8 9 9 10 10 11 11 12 12 13 13 14 14 15 15 16 16 17 
0 18 1 17 2 16 3 15 4 14 5 13 6 12 7 11 8 10 9 9 10 8 11 7 12 6 13 5 14 4 15 3 16 2 
18 19 1 0
0 0 0 1 0 2 0 3 0 4 0 5 0 6 0 7 0 8 0 9 0 10 0 11 0 12 0 13 0 14 0 15 0 16 0 17 0 18 
0 1 1 2 2 3 3 4 4 5 5 6 6 7 7 8 8 9 9 10 10 11 11 12 12 13 13 14 14 15 15 16 16 17 17 18 
0 19 1 18 2 17 3 16 4 15 5 14 6 13 7 12 8 11 9 10 10 9 11 8 12 7 13 6 14 5 15 4 16 3 17 2 
19 20 1 0
0 0 0 1 0 2 0 3 0 4 0 5 0 6 0 7 0 8 0 9 0 10 0 11 0 12 0 13 0 14 0 15 0 16 0 17 0 18 0 19 
0 1 1 2 2 3 3 4 4 5 5 6 6 7 7 8 8 9 9 10 10 11 11 12 12 13 13 14 14 15 15 16 16 17 17 18 18 19 
0 20 1 19 2 18 3 17 4 16 5 15 6 14 7 13 8 12 9 11 10 10 11 9 12 8 13 7 14 6 15 5 16 4 17 3 18 2 
20 21 1 0
0 0 0 1 0 2 0 3 0 4 0 5 0 6 0 7 0 8 0 9 0 10 0 11 0 12 0 13 0 14 0 15 0 16 0 17 0 18 0 19 0 20 
0 1 1 2 2 3 3 4 4 5 5 6 6 7 7 8 8 9 9 10 10 11 11 12 12 13 13 14 14 15 15 16 16 17 17 18 18 19 19 20 
0 21 1 20 2 19 3 18 4 17 5 16 6 15 7 14 8 13 9 12 10 11 11 10 12 9 13 8 14 7 15 6 16 5 17 4 18 3 19 2 
21 2 1 0
0 0 1 0 
0 1 
0 2 
22 4 1 0
0 0 0 1 1 0 1 1 
0 1 0 2 1 3 2 3 
0 4 1 2 21 2 
23 6 1 0
0 0 0 1 0 2 1 0 1 1 1 2 
0 1 0 3 1 2 1 4 2 5 3 4 4 5 
0 6 1 4 2 2 21 3 22 2 
24 8 1 0
0 0 0 1 0 2 0 3 1 0 1 1 1 2 1 3 
0 1 0 4 1 2 1 5 2 3 2 6 3 7 4 5 5 6 6 7 
0 8 1 6 2 4 3 2 21 4 22 3 23 2 
25 10 1 0
0 0 0 1 0 2 0 3 0 4 1 0 1 1 1 2 1 3 1 4 
0 1 0 5 1 2 1 6 2 3 2 7 3 4 3 8 4 9 5 6 6 7 7 8 8 9 
0 10 1 8 2 6 3 4 4 2 21 5 22 4 23 3 24 2 
26 12 1 0
0 0 0 1 0 2 0 3 0 4 0 5 1 0 1 1 1 2 1 3 1 4 1 5 
0 1 0 6 1 2 1 7 2 3 2 8 3 4 3 9 4 5 4 10 5 11 6 7 7 8 8 9 9 10 10 11 
0 12 1 10 2 8 3 6 4 4 5 2 21 6 22 5 23 4 24 3 25 2 
27 14 1 0
0 0 0 1 0 2 0 3 0 4 0 5 0 6 1 0 1 1 1 2 1 3 1 4 1 5 1 6 
0 1 0 7 1 2 1 8 2 3 2 9 3 4 3 10 4 5 4 11 5 6 5 12 6 13 7 8 8 9 9 10 10 11 11 12 12 13 
0 14 1 12 2 10 3 8 4 6 5 4 6 2 21 7 22 6 23 5 24 4 25 3 26 2 
28 16 1 0
0 0 0 1 0 2 0 3 0 4 0 5 0 6 0 7 1 0 1 1 1 2 1 3 1 4 1 5 1 6 1 7 
0 1 0 8 1 2 1 9 2 3 2 10 3 4 3 11 4 5 4 12 5 6 5 13 6 7 6 14 7 15 8 9 9 10 10 11 11 12 12 13 13 14 14 15 
0 16 1 14 2 12 3 10 4 8 5 6 6 4 7 2 21 8 22 7 23 6 24 5 25 4 26 3 27 2 
29 18 1 0
0 0 0 1 0 2 0 3 0 4 0 5 0 6 0 7 0 8 1 0 1 1 1 2 1 3 1 4 1 5 1 6 1 7 1 8 
0 1 0 9 1 2 1 10 2 3 2 11 3 4 3 12 4 5 4 13 5 6 5 14 6 7 6 15 7 8 7 16 8 17 9 10 10 11 11 12 12 13 13 14 14 15 15 16 16 17 
0 18 1 16 2 14 3 12 4 10 5 8 6 6 7 4 8 2 21 9 22 8 23 7 24 6 25 5 26 4 27 3 28 2 
30 20 1 0
0 0 0 1 0 2 0 3 0 4 0 5 0 6 0 7 0 8 0 9 1 0 1 1 1 2 1 3 1 4 1 5 1 6 1 7 1 8 1 9 
0 1 0 10 1 2 1 11 2 3 2 12 3 4 3 13 4 5 4 14 5 6 5 15 6 7 6 16 7 8 7 17 8 9 8 18 9 19 10 11 11 12 12 13 13 14 14 15 15 16 16 17 17 18 18 19 
0 20 1 18 2 16 3 14 4 12 5 10 6 8 7 6 8 4 9 2 21 10 22 9 23 8 24 7 25 6 26 5 27 4 28 3 29 2 
31 3 1 0
0 0 1 0 2 0 
0 1 1 2 
0 3 21 2 
32 6 1 0
0 0 0 1 1 0 1 1 2 0 2 1 
0 1 0 2 1 3 2 3 2 4 3 5 4 5 
0 6 1 3 21 4 22 2 31 2 
33 9 1 0
0 0 0 1 0 2 1 0 1 1 1 2 2 0 2 1 2 2 
0 1 0 3 1 2 1 4 2 5 3 4 3 6 4 5 4 7 5 8 6 7 7 8 
0 9 1 6 2 3 21 6 22 4 23 2 31 3 32 2 
34 12 1 0
0 0 0 1 0 2 0 3 1 0 1 1 1 2 1 3 2 0 2 1 2 2 2 3 
0 1 0 4 1 2 1 5 2 3 2 6 3 7 4 5 4 8 5 6 5 9 6 7 6 10 7 11 8 9 9 10 10 11 
0 12 1 9 2 6 3 3 21 8 22 6 23 4 24 2 31 4 32 3 33 2 
35 15 1 0
0 0 0 1 0 2 0 3 0 4 1 0 1 1 1 2 1 3 1 4 2 0 2 1 2 2 2 3 2 4 
0 1 0 5 1 2 1 6 2 3 2 7 3 4 3 8 4 9 5 6 5 10 6 7 6 11 7 8 7 12 8 9 8 13 9 14 10 11 11 12 12 13 13 14 
0 15 1 12 2 9 3 6 4 3 21 10 22 8 23 6 24 4 25 2 31 5 32 4 33 3 34 2 
36 18 1 0
0 0 0 1 0 2 0 3 0 4 0 5 1 0 1 1 1 2 1 3 1 4 1 5 2 0 2 1 2 2 2 3 2 4 2 5 
0 1 0 6 1 2 1 7 2 3 2 8 3 4 3 9 4 5 4 10 5 11 6 7 6 12 7 8 7 13 8 9 8 14 9 10 9 15 10 11 10 16 11 17 12 13 13 14 14 15 15 16 16 17 
0 18 1 15 2 12 3 9 4 6 5 3 21 12 22 10 23 8 24 6 25 4 26 2 31 6 32 5 33 4 34 3 35 2 
37 21 1 0
0 0 0 1 0 2 0 3 0 4 0 5 0 6 1 0 1 1 1 2 1 3 1 4 1 5 1 6 2 0 2 1 2 2 2 3 2 4 2 5 2 6 
0 1 0 7 1 2 1 8 2 3 2 9 3 4 3 10 4 5 4 11 5 6 5 12 6 13 7 8 7 14 8 9 8 15 9 10 9 16 10 11 10 17 11 12 11 18 12 13 12 19 13 20 14 15 15 16 16 17 17 18 18 19 19 20 
0 21 1 18 2 15 3 12 4 9 5 6 6 3 21 14 22 12 23 10 24 8 25 6 26 4 27 2 31 7 32 6 33 5 34 4 35 3 36 2 
38 4 1 0
0 0 1 0 2 0 3 0 
0 1 1 2 2 3 
0 4 21 3 31 2 
39 8 1 0
0 0 0 1 1 0 1 1 2 0 2 1 3 0 3 1 
0 1 0 2 1 3 2 3 2 4 3 5 4 5 4 6 5 7 6 7 
0 8 1 4 21 6 22 3 31 4 32 2 38 2 
40 12 1 0
0 0 0 1 0 2 1 0 1 1 1 2 2 0 2 1 2 2 3 0 3 1 3 2 
0 1 0 3 1 2 1 4 2 5 3 4 3 6 4 5 4 7 5 8 6 7 6 9 7 8 7 10 8 11 9 10 10 11 
0 12 1 8 2 4 21 9 22 6 23 3 31 6 32 4 33 2 38 3 39 2 
41 16 1 0
0 0 0 1 0 2 0 3 1 0 1 1 1 2 1 3 2 0 2 1 2 2 2 3 3 0 3 1 3 2 3 3 
0 1 0 4 1 2 1 5 2 3 2 6 3 7 4 5 4 8 5 6 5 9 6 7 6 10 7 11 8 9 8 12 9 10 9 13 10 11 10 14 11 15 12 13 13 14 14 15 
0 16 1 12 2 8 3 4 21 12 22 9 23 6 24 3 31 8 32 6 33 4 34 2 38 4 39 3 40 2 
42 20 1 0
0 0 0 1 0 2 0 3 0 4 1 0 1 1 1 2 1 3 1 4 2 0 2 1 2 2 2 3 2 4 3 0 3 1 3 2 3 3 3 4 
0 1 0 5 1 2 1 6 2 3 2 7 3 4 3 8 4 9 5 6 5 10 6 7 6 11 7 8 7 12 8 9 8 13 9 14 10 11 10 15 11 12 11 16 12 13 12 17 13 14 13 18 14 19 15 16 16 17 17 18 18 19 
0 20 1 16 2 12 3 8 4 4 21 15 22 12 23 9 24 6 25 3 31 10 32 8 33 6 34 4 35 2 38 5 39 4 40 3 41 2 
43 5 1 0
0 0 1 0 2 0 3 0 4 0 
0 1 1 2 2 3 3 4 
0 5 21 4 31 3 38 2 
44 10 1 0
0 0 0 1 1 0 1 1 2 0 2 1 3 0 3 1 4 0 4 1 
0 1 0 2 1 3 2 3 2 4 3 5 4 5 4 6 5 7 6 7 6 8 7 9 8 9 
0 10 1 5 21 8 22 4 31 6 32 3 38 4 39 2 43 2 
45 15 1 0
0 0 0 1 0 2 1 0 1 1 1 2 2 0 2 1 2 2 3 0 3 1 3 2 4 0 4 1 4 2 
0 1 0 3 1 2 1 4 2 5 3 4 3 6 4 5 4 7 5 8 6 7 6 9 7 8 7 10 8 11 9 10 9 12 10 11 10 13 11 14 12 13 13 14 
0 15 1 10 2 5 21 12 22 8 23 4 31 9 32 6 33 3 38 6 39 4 40 2 43 3 44 2 
46 20 1 0
0 0 0 1 0 2 0 3 1 0 1 1 1 2 1 3 2 0 2 1 2 2 2 3 3 0 3 1 3 2 3 3 4 0 4 1 4 2 4 3 
0 1 0 4 1 2 1 5 2 3 2 6 3 7 4 5 4 8 5 6 5 9 6 7 6 10 7 11 8 9 8 12 9 10 9 13 10 11 10 14 11 15 12 13 12 16 13 14 13 17 14 15 14 18 15 19 16 17 17 18 18 19 
0 20 1 15 2 10 3 5 21 16 22 12 23 8 24 4 31 12 32 9 33 6 34 3 38 8 39 6 40 4 41 2 43 4 44 3 45 2 
47 6 1 0
0 0 1 0 2 0 3 0 4 0 5 0 
0 1 1 2 2 3 3 4 4 5 
0 6 21 5 31 4 38 3 43 2 
48 12 1 0
0 0 0 1 1 0 1 1 2 0 2 1 3 0 3 1 4 0 4 1 5 0 5 1 
0 1 0 2 1 3 2 3 2 4 3 5 4 5 4 6 5 7 6 7 6 8 7 9 8 9 8 10 9 11 10 11 
0 12 1 6 21 10 22 5 31 8 32 4 38 6 39 3 43 4 44 2 47 2 
49 18 1 0
0 0 0 1 0 2 1 0 1 1 1 2 2 0 2 1 2 2 3 0 3 1 3 2 4 0 4 1 4 2 5 0 5 1 5 2 
0 1 0 3 1 2 1 4 2 5 3 4 3 6 4 5 4 7 5 8 6 7 6 9 7 8 7 10 8 11 9 10 9 12 10 11 10 13 11 14 12 13 12 15 13 14 13 16 14 17 15 16 16 17 
0 18 1 12 2 6 21 15 22 10 23 5 31 12 32 8 33 4 38 9 39 6 40 3 43 6 44 4 45 2 47 3 48 2 
50 7 1 0
0 0 1 0 2 0 3 0 4 0 5 0 6 0 
0 1 1 2 2 3 3 4 4 5 5 6 
0 7 21 6 31 5 38 4 43 3 47 2 
51 14 1 0
0 0 0 1 1 0 1 1 2 0 2 1 3 0 3 1 4 0 4 1 5 0 5 1 6 0 6 1 
0 1 0 2 1 3 2 3 2 4 3 5 4 5 4 6 5 7 6 7 6 8 7 9 8 9 8 10 9 11 10 11 10 12 11 13 12 13 
0 14 1 7 21 12 22 6 31 10 32 5 38 8 39 4 43 6 44 3 47 4 48 2 50 2 
52 21 1 0
0 0 0 1 0 2 1 0 1 1 1 2 2 0 2 1 2 2 3 0 3 1 3 2 4 0 4 1 4 2 5 0 5 1 5 2 6 0 6 1 6 2 
0 1 0 3 1 2 1 4 2 5 3 4 3 6 4 5 4 7 5 8 6 7 6 9 7 8 7 10 8 11 9 10 9 12 10 11 10 13 11 14 12 13 12 15 13 14 13 16 14 17 15 16 15 18 16 17 16 19 17 20 18 19 19 20 
0 21 1 14 2 7 21 18 22 12 23 6 31 15 32 10 33 5 38 12 39 8 40 4 43 9 44 6 45 3 47 6 48 4 49 2 50 3 51 2 
53 8 1 0
0 0 1 0 2 0 3 0 4 0 5 0 6 0 7 0 
0 1 1 2 2 3 3 4 4 5 5 6 6 7 
0 8 21 7 31 6 38 5 43 4 47 3 50 2 
54 16 1 0
0 0 0 1 1 0 1 1 2 0 2 1 3 0 3 1 4 0 4 1 5 0 5 1 6 0 6 1 7 0 7 1 
0 1 0 2 1 3 2 3 2 4 3 5 4 5 4 6 5 7 6 7 6 8 7 9 8 9 8 10 9 11 10 11 10 12 11 13 12 13 12 14 13 15 14 15 
0 16 1 8 21 14 22 7 31 12 32 6 38 10 39 5 43 8 44 4 47 6 48 3 50 4 51 2 53 2 
55 9 1 0
0 0 1 0 2 0 3 0 4 0 5 0 6 0 7 0 8 0 
0 1 1 2 2 3 3 4 4 5 5 6 6 7 7 8 
0 9 21 8 31 7 38 6 43 5 47 4 50 3 53 2 
56 18 1 0
0 0 0 1 1 0 1 1 2 0 2 1 3 0 3 1 4 0 4 1 5 0 5 1 6 0 6 1 7 0 7 1 8 0 8 1 
0 1 0 2 1 3 2 3 2 4 3 5 4 5 4 6 5 7 6 7 6 8 7 9 8 9 8 10 9 11 10 11 10 12 11 13 12 13 12 14 13 15 14 15 14 16 15 17 16 17 
0 18 1 9 21 16 22 8 31 14 32 7 38 12 39 6 43 10 44 5 47 8 48 4 50 6 51 3 53 4 54 2 55 2 
57 10 1 0
0 0 1 0 2 0 3 0 4 0 5 0 6 0 7 0 8 0 9 0 
0 1 1 2 2 3 3 4 4 5 5 6 6 7 7 8 8 9 
0 10 21 9 31 8 38 7 43 6 47 5 50 4 53 3 55 2 
58 20 1 0
0 0 0 1 1 0 1 1 2 0 2 1 3 0 3 1 4 0 4 1 5 0 5 1 6 0 6 1 7 0 7 1 8 0 8 1 9 0 9 1 
0 1 0 2 1 3 2 3 2 4 3 5 4 5 4 6 5 7 6 7 6 8 7 9 8 9 8 10 9 11 10 11 10 12 11 13 12 13 12 14 13 15 14 15 14 16 15 17 16 17 16 18 17 19 18 19 
0 20 1 10 21 18 22 9 31 16 32 8 38 14 39 7 43 12 44 6 47 10 48 5 50 8 51 4 53 6 54 3 55 4 56 2 57 2 
59 11 1 0
0 0 1 0 2 0 3 0 4 0 5 0 6 0 7 0 8 0 9 0 10 0 
0 1 1 2 2 3 3 4 4 5 5 6 6 7 7 8 8 9 9 10 
0 11 21 10 31 9 38 8 43 7 47 6 50 5 53 4 55 3 57 2 
60 12 1 0
0 0 1 0 2 0 3 0 4 0 5 0 6 0 7 0 8 0 9 0 10 0 11 0 
0 1 1 2 2 3 3 4 4 5 5 6 6 7 7 8 8 9 9 10 10 11 
0 12 21 11 31 10 38 9 43 8 47 7 50 6 53 5 55 4 57 3 59 2 
61 13 1 0
0 0 1 0 2 0 3 0 4 0 5 0 6 0 7 0 8 0 9 0 10 0 11 0 12 0 
0 1 1 2 2 3 3 4 4 5 5 6 6 7 7 8 8 9 9 10 10 11 11 12 
0 13 21 12 31 11 38 10 43 9 47 8 50 7 53 6 55 5 57 4 59 3 60 2 
62 14 1 0
0 0 1 0 2 0 3 0 4 0 5 0 6 0 7 0 8 0 9 0 10 0 11 0 12 0 13 0 
0 1 1 2 2 3 3 4 4 5 5 6 6 7 7 8 8 9 9 10 10 11 11 12 12 13 
0 14 21 13 31 12 38 11 43 10 47 9 50 8 53 7 55 6 57 5 59 4 60 3 61 2 
63 15 1 0
0 0 1 0 2 0 3 0 4 0 5 0 6 0 7 0 8 0 9 0 10 0 11 0 12 0 13 0 14 0 
0 1 1 2 2 3 3 4 4 5 5 6 6 7 7 8 8 9 9 10 10 11 11 12 12 13 13 14 
0 15 21 14 31 13 38 12 43 11 47 10 50 9 53 8 55 7 57 6 59 5 60 4 61 3 62 2 
64 16 1 0
0 0 1 0 2 0 3 0 4 0 5 0 6 0 7 0 8 0 9 0 10 0 11 0 12 0 13 0 14 0 15 0 
0 1 1 2 2 3 3 4 4 5 5 6 6 7 7 8 8 9 9 10 10 11 11 12 12 13 13 14 14 15 
0 16 21 15 31 14 38 13 43 12 47 11 50 10 53 9 55 8 57 7 59 6 60 5 61 4 62 3 63 2 
65 17 1 0
0 0 1 0 2 0 3 0 4 0 5 0 6 0 7 0 8 0 9 0 10 0 11 0 12 0 13 0 14 0 15 0 16 0 
0 1 1 2 2 3 3 4 4 5 5 6 6 7 7 8 8 9 9 10 10 11 11 12 12 13 13 14 14 15 15 16 
0 17 21 16 31 15 38 14 43 13 47 12 50 11 53 10 55 9 57 8 59 7 60 6 61 5 62 4 63 3 64 2 
66 18 1 0
0 0 1 0 2 0 3 0 4 0 5 0 6 0 7 0 8 0 9 0 10 0 11 0 12 0 13 0 14 0 15 0 16 0 17 0 
0 1 1 2 2 3 3 4 4 5 5 6 6 7 7 8 8 9 9 10 10 11 11 12 12 13 13 14 14 15 15 16 16 17 
0 18 21 17 31 16 38 15 43 14 47 13 50 12 53 11 55 10 57 9 59 8 60 7 61 6 62 5 63 4 64 3 65 2 
67 19 1 0
0 0 1 0 2 0 3 0 4 0 5 0 6 0 7 0 8 0 9 0 10 0 11 0 12 0 13 0 14 0 15 0 16 0 17 0 18 0 
0 1 1 2 2 3 3 4 4 5 5 6 6 7 7 8 8 9 9 10 10 11 11 12 12 13 13 14 14 15 15 16 16 17 17 18 
0 19 21 18 31 17 38 16 43 15 47 14 50 13 53 12 55 11 57 10 59 9 60 8 61 7 62 6 63 5 64 4 65 3 66 2 
68 20 1 0
0 0 1 0 2 0 3 0 4 0 5 0 6 0 7 0 8 0 9 0 10 0 11 0 12 0 13 0 14 0 15 0 16 0 17 0 18 0 19 0 
0 1 1 2 2 3 3 4 4 5 5 6 6 7 7 8 8 9 9 10 10 11 11 12 12 13 13 14 14 15 15 16 16 17 17 18 18 19 
0 20 21 19 31 18 38 17 43 16 47 15 50 14 53 13 55 12 57 11 59 10 60 9 61 8 62 7 63 6 64 5 65 4 66 3 67 2 
69 21 1 0
0 0 1 0 2 0 3 0 4 0 5 0 6 0 7 0 8 0 9 0 10 0 11 0 12 0 13 0 14 0 15 0 16 0 17 0 18 0 19 0 20 0 
0 1 1 2 2 3 3 4 4 5 5 6 6 7 7 8 8 9 9 10 10 11 11 12 12 13 13 14 14 15 15 16 16 17 17 18 18 19 19 20 
0 21 21 20 31 19 38 18 43 17 47 16 50 15 53 14 55 13 57 12 59 11 60 10 61 9 62 8 63 7 64 6 65 5 66 4 67 3 68 2 
