0 1 1 0
0 0 


1 2 1 0
0 0 0 1 
0 1 
0 2 
2 3 1 0
0 0 0 1 0 2 
0 1 1 2 
0 3 1 2 
3 4 1 0
0 0 0 1 0 2 0 3 
0 1 1 2 2 3 
0 4 1 3 2 2 
4 5 1 0
0 0 0 1 0 2 0 3 0 4 
0 1 1 2 2 3 3 4 
0 5 1 4 2 3 3 2 
5 6 1 0
0 0 0 1 0 2 0 3 0 4 0 5 
0 1 1 2 2 3 3 4 4 5 
0 6 1 5 2 4 3 3 4 2 
6 7 1 0
0 0 0 1 0 2 0 3 0 4 0 5 0 6 
0 1 1 2 2 3 3 4 4 5 5 6 
0 7 1 6 2 5 3 4 4 3 5 2 
7 8 1 0
0 0 0 1 0 2 0 3 0 4 0 5 0 6 0 7 
0 1 1 2 2 3 3 4 4 5 5 6 6 7 
0 8 1 7 2 6 3 5 4 4 5 3 6 2 
8 9 1 0
0 0 0 1 0 2 0 3 0 4 0 5 0 6 0 7 0 8 
0 1 1 2 2 3 3 4 4 5 5 6 6 7 7 8 
0 9 1 8 2 7 3 6 4 5 5 4 6 3 7 2 
9 10 1 0
0 0 0 1 0 2 0 3 0 4 0 5 0 6 0 7 0 8 0 9 
0 1 1 2 2 3 3 4 4 5 5 6 6 7 7 8 8 9 
0 10 1 9 2 8 3 7 4 6 5 5 6 4 7 3 8 2 
10 11 1 0
0 0 0 1 0 2 0 3 0 4 0 5 0 6 0 7 0 8 0 9 0 10 
0 1 1 2 2 3 3 4 4 5 5 6 6 7 7 8 8 9 9 10 
0 11 1 10 2 9 3 8 4 7 5 6 6 5 7 4 8 3 9 2 
11 12 1 0
0 0 0 1 0 2 0 3 0 4 0 5 0 6 0 7 0 8 0 9 0 10 0 11 
0 1 1 2 2 3 3 4 4 5 5 6 6 7 7 8 8 9 9 10 10 11 
0 12 1 11 2 10 3 9 4 8 5 7 6 6 7 5 8 4 9 3 10 2 
12 13 1 0
0 0 0 1 0 2 0 3 0 4 0 5 0 6 0 7 0 8 0 9 0 10 0 11 0 12 
0 1 1 2 2 3 3 4 4 5 5 6 6 7 7 8 8 9 9 10 10 11 11 12 
0 13 1 12 2 11 3 10 4 9 5 8 6 7 7 6 8 5 9 4 10 3 11 2 
13 14 1 0
0 0 0 1 0 2 0 3 0 4 0 5 0 6 0 7 0 8 0 9 0 10 0 11 0 12 0 13 
0 1 1 2 2 3 3 4 4 5 5 6 6 7 7 8 8 9 9 10 10 11 11 12 12 13 
0 14 1 13 2 12 3 11 4 10 5 9 6 8 7 7 8 6 9 5 10 4 11 3 12 2 
14 15 1 0
0 0 0 1 0 2 0 3 0 4 0 5 0 6 0 7 0 8 0 9 0 10 0 11 0 12 0 13 0 14 
0 1 1 2 2 3 3 4 4 5 5 6 6 7 7 8 8 9 9 10 10 11 11 12 12 13 13 14 
0 15 1 14 2 13 3 12 4 11 5 10 6 9 7 8 8 7 9 6 10 5 11 4 12 3 13 2 
15 16 1 0
0 0 0 1 0 2 0 3 0 4 0 5 0 6 0 7 0 8 0 9 0 10 0 11 0 12 0 13 0 14 0 15 
0 1 1 2 2 3 3 4 4 5 5 6 6 7 7 8 8 9 9 10 10 11 11 12 12 13 13 14 14 15 
0 16 1 15 2 14 3 13 4 12 5 11 6 10 7 9 8 8 9 7 10 6 11 5 12 4 13 3 14 2 
16 17 1 0
0 0 0 1 0 2 0 3 0 4 0 5 0 6 0 7 0 8 0 9 0 10 0 11 0 12 0 13 0 14 0 15 0 16 
0 1 1 2 2 3 3 4 4 5 5 6 6 7 7 8 8 9 9 10 10 11 11 12 12 13 13 14 14 15 15 16 
0 17 1 16 2 15 3 14 4 13 5 12 6 11 7 10 8 9 9 8 10 7 11 6 12 5 13 4 14 3 15 2 
17 2 1 0
0 0 1 0 
0 1 
0 2 
18 4 1 0
0 0 0 1 1 0 1 1 
0 1 0 2 1 3 2 3 
0 4 1 2 17 2 
19 6 1 0
0 0 0 1 0 2 1 0 1 1 1 2 
0 1 0 3 1 2 1 4 2 5 3 4 4 5 
0 6 1 4 2 2 17 3 18 2 
20 8 1 0
0 0 0 1 0 2 0 3 1 0 1 1 1 2 1 3 
0 1 0 4 1 2 1 5 2 3 2 6 3 7 4 5 5 6 6 7 
0 8 1 6 2 4 3 2 17 4 18 3 19 2 
21 10 1 0
0 0 0 1 0 2 0 3 0 4 1 0 1 1 1 2 1 3 1 4 
0 1 0 5 1 2 1 6 2 3 2 7 3 4 3 8 4 9 5 6 6 7 7 8 8 9 
0 10 1 8 2 6 3 4 4 2 17 5 18 4 19 3 20 2 
22 12 1 0
0 0 0 1 0 2 0 3 0 4 0 5 1 0 1 1 1 2 1 3 1 4 1 5 
0 1 0 6 1 2 1 7 2 3 2 8 3 4 3 9 4 5 4 10 5 11 6 7 7 8 8 9 9 10 10 11 
0 12 1 10 2 8 3 6 4 4 5 2 17 6 18 5 19 4 20 3 21 2 
23 14 1 0
0 0 0 1 0 2 0 3 0 4 0 5 0 6 1 0 1 1 1 2 1 3 1 4 1 5 1 6 
0 1 0 7 1 2 1 8 2 3 2 9 3 4 3 10 4 5 4 11 5 6 5 12 6 13 7 8 8 9 9 10 10 11 11 12 12 13 
0 14 1 12 2 10 3 8 4 6 5 4 6 2 17 7 18 6 19 5 20 4 21 3 22 2 
24 16 1 0
0 0 0 1 0 2 0 3 0 4 0 5 0 6 0 7 1 0 1 1 1 2 1 3 1 4 1 5 1 6 1 7 
0 1 0 8 1 2 1 9 2 3 2 10 3 4 3 11 4 5 4 12 5 6 5 13 6 7 6 14 7 15 8 9 9 10 10 11 11 12 12 13 13 14 14 15 
0 16 1 14 2 12 3 10 4 8 5 6 6 4 7 2 17 8 18 7 19 6 20 5 21 4 22 3 23 2 
25 3 1 0
0 0 1 0 2 0 
0 1 1 2 
0 3 17 2 
26 6 1 0
0 0 0 1 1 0 1 1 2 0 2 1 
0 1 0 2 1 3 2 3 2 4 3 5 4 5 
0 6 1 3 17 4 18 2 25 2 
27 9 1 0
0 0 0 1 0 2 1 0 1 1 1 2 2 0 2 1 2 2 
0 1 0 3 1 2 1 4 2 5 3 4 3 6 4 5 4 7 5 8 6 7 7 8 
0 9 1 6 2 3 17 6 18 4 19 2 25 3 26 2 
28 12 1 0
0 0 0 1 0 2 0 3 1 0 1 1 1 2 1 3 2 0 2 1 2 2 2 3 
0 1 0 4 1 2 1 5 2 3 2 6 3 7 4 5 4 8 5 6 5 9 6 7 6 10 7 11 8 9 9 10 10 11 
0 12 1 9 2 6 3 3 17 8 18 6 19 4 20 2 25 4 26 3 27 2 
29 15 1 0
0 0 0 1 0 2 0 3 0 4 1 0 1 1 1 2 1 3 1 4 2 0 2 1 2 2 2 3 2 4 
0 1 0 5 1 2 1 6 2 3 2 7 3 4 3 8 4 9 5 6 5 10 6 7 6 11 7 8 7 12 8 9 8 13 9 14 10 11 11 12 12 13 13 14 
0 15 1 12 2 9 3 6 4 3 17 10 18 8 19 6 20 4 21 2 25 5 26 4 27 3 28 2 
30 4 1 0
0 0 1 0 2 0 3 0 
0 1 1 2 2 3 
0 4 17 3 25 2 
31 8 1 0
0 0 0 1 1 0 1 1 2 0 2 1 3 0 3 1 
0 1 0 2 1 3 2 3 2 4 3 5 4 5 4 6 5 7 6 7 
0 8 1 4 17 6 18 3 25 4 26 2 30 2 
32 12 1 0
0 0 0 1 0 2 1 0 1 1 1 2 2 0 2 1 2 2 3 0 3 1 3 2 
0 1 0 3 1 2 1 4 2 5 3 4 3 6 4 5 4 7 5 8 6 7 6 9 7 8 7 10 8 11 9 10 10 11 
0 12 1 8 2 4 17 9 18 6 19 3 25 6 26 4 27 2 30 3 31 2 
33 16 1 0
0 0 0 1 0 2 0 3 1 0 1 1 1 2 1 3 2 0 2 1 2 2 2 3 3 0 3 1 3 2 3 3 
0 1 0 4 1 2 1 5 2 3 2 6 3 7 4 5 4 8 5 6 5 9 6 7 6 10 7 11 8 9 8 12 9 10 9 13 10 11 10 14 11 15 12 13 13 14 14 15 
0 16 1 12 2 8 3 4 17 12 18 9 19 6 20 3 25 8 26 6 27 4 28 2 30 4 31 3 32 2 
34 5 1 0
0 0 1 0 2 0 3 0 4 0 
0 1 1 2 2 3 3 4 
0 5 17 4 25 3 30 2 
35 10 1 0
0 0 0 1 1 0 1 1 2 0 2 1 3 0 3 1 4 0 4 1 
0 1 0 2 1 3 2 3 2 4 3 5 4 5 4 6 5 7 6 7 6 8 7 9 8 9 
0 10 1 5 17 8 18 4 25 6 26 3 30 4 31 2 34 2 
36 15 1 0
0 0 0 1 0 2 1 0 1 1 1 2 2 0 2 1 2 2 3 0 3 1 3 2 4 0 4 1 4 2 
0 1 0 3 1 2 1 4 2 5 3 4 3 6 4 5 4 7 5 8 6 7 6 9 7 8 7 10 8 11 9 10 9 12 10 11 10 13 11 14 12 13 13 14 
0 15 1 10 2 5 17 12 18 8 19 4 25 9 26 6 27 3 30 6 31 4 32 2 34 3 35 2 
37 6 1 0
0 0 1 0 2 0 3 0 4 0 5 0 
0 1 1 2 2 3 3 4 4 5 
0 6 17 5 25 4 30 3 34 2 
38 12 1 0
0 0 0 1 1 0 1 1 2 0 2 1 3 0 3 1 4 0 4 1 5 0 5 1 
0 1 0 2 1 3 2 3 2 4 3 5 4 5 4 6 5 7 6 7 6 8 7 9 8 9 8 10 9 11 10 11 
0 12 1 6 17 10 18 5 25 8 26 4 30 6 31 3 34 4 35 2 37 2 
39 7 1 0
0 0 1 0 2 0 3 0 4 0 5 0 6 0 
0 1 1 2 2 3 3 4 4 5 5 6 
0 7 17 6 25 5 30 4 34 3 37 2 
40 14 1 0
0 0 0 1 1 0 1 1 2 0 2 1 3 0 3 1 4 0 4 1 5 0 5 1 6 0 6 1 
0 1 0 2 1 3 2 3 2 4 3 5 4 5 4 6 5 7 6 7 6 8 7 9 8 9 8 10 9 11 10 11 10 12 11 13 12 13 
0 14 1 7 17 12 18 6 25 10 26 5 30 8 31 4 34 6 35 3 37 4 38 2 39 2 
41 8 1 0
0 0 1 0 2 0 3 0 4 0 5 0 6 0 7 0 
0 1 1 2 2 3 3 4 4 5 5 6 6 7 
0 8 17 7 25 6 30 5 34 4 37 3 39 2 
42 16 1 0
0 0 0 1 1 0 1 1 2 0 2 1 3 0 3 1 4 0 4 1 5 0 5 1 6 0 6 1 7 0 7 1 
0 1 0 2 1 3 2 3 2 4 3 5 4 5 4 6 5 7 6 7 6 8 7 9 8 9 8 10 9 11 10 11 10 12 11 13 12 13 12 14 13 15 14 15 
0 16 1 8 17 14 18 7 25 12 26 6 30 10 31 5 34 8 35 4 37 6 38 3 39 4 40 2 41 2 
43 9 1 0
0 0 1 0 2 0 3 0 4 0 5 0 6 0 7 0 8 0 
0 1 1 2 2 3 3 4 4 5 5 6 6 7 7 8 
0 9 17 8 25 7 30 6 34 5 37 4 39 3 41 2 
44 10 1 0
0 0 1 0 2 0 3 0 4 0 5 0 6 0 7 0 8 0 9 0 
0 1 1 2 2 3 3 4 4 5 5 6 6 7 7 8 8 9 
0 10 17 9 25 8 30 7 34 6 37 5 39 4 41 3 43 2 
45 11 1 0
0 0 1 0 2 0 3 0 4 0 5 0 6 0 7 0 8 0 9 0 10 0 
0 1 1 2 2 3 3 4 4 5 5 6 6 7 7 8 8 9 9 10 
0 11 17 10 25 9 30 8 34 7 37 6 39 5 41 4 43 3 44 2 
46 12 1 0
0 0 1 0 2 0 3 0 4 0 5 0 6 0 7 0 8 0 9 0 10 0 11 0 
0 1 1 2 2 3 3 4 4 5 5 6 6 7 7 8 8 9 9 10 10 11 
0 12 17 11 25 10 30 9 34 8 37 7 39 6 41 5 43 4 44 3 45 2 
47 13 1 0
0 0 1 0 2 0 3 0 4 0 5 0 6 0 7 0 8 0 9 0 10 0 11 0 12 0 
0 1 1 2 2 3 3 4 4 5 5 6 6 7 7 8 8 9 9 10 10 11 11 12 
0 13 17 12 25 11 30 10 34 9 37 8 39 7 41 6 43 5 44 4 45 3 46 2 
48 14 1 0
0 0 1 0 2 0 3 0 4 0 5 0 6 0 7 0 8 0 9 0 10 0 11 0 12 0 13 0 
0 1 1 2 2 3 3 4 4 5 5 6 6 7 7 8 8 9 9 10 10 11 11 12 12 13 
0 14 17 13 25 12 30 11 34 10 37 9 39 8 41 7 43 6 44 5 45 4 46 3 47 2 
49 15 1 0
0 0 1 0 2 0 3 0 4 0 5 0 6 0 7 0 8 0 9 0 10 0 11 0 12 0 13 0 14 0 
0 1 1 2 2 3 3 4 4 5 5 6 6 7 7 8 8 9 9 10 10 11 11 12 12 13 13 14 
0 15 17 14 25 13 30 12 34 11 37 10 39 9 41 8 43 7 44 6 45 5 46 4 47 3 48 2 
50 16 1 0
0 0 1 0 2 0 3 0 4 0 5 0 6 0 7 0 8 0 9 0 10 0 11 0 12 0 13 0 14 0 15 0 
0 1 1 2 2 3 3 4 4 5 5 6 6 7 7 8 8 9 9 10 10 11 11 12 12 13 13 14 14 15 
0 16 17 15 25 14 30 13 34 12 37 11 39 10 41 9 43 8 44 7 45 6 46 5 47 4 48 3 49 2 
51 17 1 0
0 0 1 0 2 0 3 0 4 0 5 0 6 0 7 0 8 0 9 0 10 0 11 0 12 0 13 0 14 0 15 0 16 0 
0 1 1 2 2 3 3 4 4 5 5 6 6 7 7 8 8 9 9 10 10 11 11 12 12 13 13 14 14 15 15 16 
0 17 17 16 25 15 30 14 34 13 37 12 39 11 41 10 43 9 44 8 45 7 46 6 47 5 48 4 49 3 50 2 
